%YAML:1.0
---
cameraMatrix1: !!opencv-matrix
   rows: 3
   cols: 3
   dt: d
   data: [ 3.5953540708423276e+02, 0., 3.7520924285484745e+02, 0.,
       3.6066307482249675e+02, 2.4128155681229438e+02, 0., 0., 1. ]
distCoeffs1: !!opencv-matrix
   rows: 5
   cols: 1
   dt: d
   data: [ -2.7325783486024036e-01, 5.8392695469250328e-02,
       -6.3147476946171996e-04, -7.8944284175937001e-04, 0. ]
cameraMatrix2: !!opencv-matrix
   rows: 3
   cols: 3
   dt: d
   data: [ 3.6361112395441432e+02, 0., 3.6090385993307831e+02, 0.,
       3.6381186815047795e+02, 2.4203655046527234e+02, 0., 0., 1. ]
distCoeffs2: !!opencv-matrix
   rows: 5
   cols: 1
   dt: d
   data: [ -3.0777940482497357e-01, 8.6013160538772462e-02,
       -3.8514931477825001e-04, -7.7091561140810004e-05, 0. ]
R: !!opencv-matrix
   rows: 3
   cols: 3
   dt: d
   data: [ 9.9952663858754520e-01, 1.2130680516560848e-02,
       2.8272696088063081e-02, -1.2296472898406685e-02,
       9.9990816299074026e-01, 5.6975730571861716e-03,
       -2.8200984169734152e-02, -6.0425304871680133e-03,
       9.9958400963459293e-01 ]
T: !!opencv-matrix
   rows: 3
   cols: 1
   dt: d
   data: [ -1.2137564902448476e+02, 4.1409474442546639e+00,
       6.4717290095144335e+00 ]
imageSize: [ 752, 480 ]
R1: !!opencv-matrix
   rows: 3
   cols: 3
   dt: d
   data: [ 9.9944945150969067e-01, -2.1617521932327508e-02,
       -2.5168961489974988e-02, 2.1706928439867497e-02,
       9.9975898180266998e-01, 3.2844425089986716e-03,
       2.5091893804274262e-02, -3.8289751101024732e-03,
       9.9967781600619765e-01 ]
P1: !!opencv-matrix
   rows: 3
   cols: 4
   dt: d
   data: [ 3.2525643181549441e+02, 0., 3.9754694366455078e+02, 0., 0.,
       3.2525643181549441e+02, 2.4168620491027832e+02, 0., 0., 0., 1., 0. ]
R2: !!opencv-matrix
   rows: 3
   cols: 3
   dt: d
   data: [ 9.9800252105446807e-01, -3.4048641734443261e-02,
       -5.3213325069625991e-02, 3.3917270064245830e-02,
       9.9941896162167942e-01, -3.3701546601090076e-03,
       5.3297155274134207e-02, 1.5585721297292760e-03,
       9.9857748026510251e-01 ]
P2: !!opencv-matrix
   rows: 3
   cols: 4
   dt: d
   data: [ 3.2525643181549441e+02, 0., 3.9754694366455078e+02,
       -3.9557225235545382e+04, 0., 3.2525643181549441e+02,
       2.4168620491027832e+02, 0., 0., 0., 1., 0. ]
Q: !!opencv-matrix
   rows: 4
   cols: 4
   dt: d
   data: [ 1., 0., 0., -3.9754694366455078e+02, 0., 1., 0.,
       -2.4168620491027832e+02, 0., 0., 0., 3.2525643181549441e+02, 0.,
       0., 8.2224278846339573e-03, 0. ]
roi1: [ 47, 39, 671, 418 ]
roi2: [ 46, 47, 658, 406 ]
