%YAML:1.0
---
cameraMatrix1: !!opencv-matrix
   rows: 3
   cols: 3
   dt: d
   data: [ 3.5953540708423276e+02, 0., 3.7520924285484745e+02, 0.,
       3.6066307482249675e+02, 2.4128155681229438e+02, 0., 0., 1. ]
distCoeffs1: !!opencv-matrix
   rows: 5
   cols: 1
   dt: d
   data: [ -2.7325783486024036e-01, 5.8392695469250328e-02,
       -6.3147476946171996e-04, -7.8944284175937001e-04, 0. ]
cameraMatrix2: !!opencv-matrix
   rows: 3
   cols: 3
   dt: d
   data: [ 3.6361112395441432e+02, 0., 3.6090385993307831e+02, 0.,
       3.6381186815047795e+02, 2.4203655046527234e+02, 0., 0., 1. ]
distCoeffs2: !!opencv-matrix
   rows: 5
   cols: 1
   dt: d
   data: [ -3.0777940482497357e-01, 8.6013160538772462e-02,
       -3.8514931477825001e-04, -7.7091561140810004e-05, 0. ]
R: !!opencv-matrix
   rows: 3
   cols: 3
   dt: d
   data: [ 9.9970392236773942e-01, -9.9717419622094008e-04,
       2.4311997988221638e-02, 8.1158461267936001e-04,
       9.9997046758904728e-01, 7.6423347321742897e-03,
       -2.4318900735299780e-02, -7.6203407643311103e-03,
       9.9967520799190679e-01 ]
T: !!opencv-matrix
   rows: 3
   cols: 1
   dt: d
   data: [ -1.2053692550716568e+02, 2.0663185043340576e-01,
       1.5093137455815919e+00 ]
imageSize: [ 752, 480 ]
R1: !!opencv-matrix
   rows: 3
   cols: 3
   dt: d
   data: [ 9.9992718693136229e-01, -2.6157577326090943e-03,
       1.1780434924768508e-02, 2.5706239997602231e-03,
       9.9998930480349668e-01, 3.8447588834284868e-03,
       -1.1790365888481438e-02, -3.8141958659907893e-03,
       9.9992321664321393e-01 ]
P1: !!opencv-matrix
   rows: 3
   cols: 4
   dt: d
   data: [ 2.3781699388660672e+02, 0., 3.6302576446533203e+02, 0., 0.,
       2.3781699388660672e+02, 2.4126348495483398e+02, 0., 0., 0., 1.,
       0. ]
R2: !!opencv-matrix
   rows: 3
   cols: 3
   dt: d
   data: [ 9.9992014513372840e-01, -1.7141249372777366e-03,
       -1.2520588302582500e-02, 1.6661731344849338e-03,
       9.9999124192163369e-01, -3.8392638766982113e-03,
       1.2527059624240791e-02, 3.8180958249370467e-03,
       9.9991424378365690e-01 ]
P2: !!opencv-matrix
   rows: 3
   cols: 4
   dt: d
   data: [ 2.3781699388660672e+02, 0., 3.6302576446533203e+02,
       -2.8668018557236144e+04, 0., 2.3781699388660672e+02,
       2.4126348495483398e+02, 0., 0., 0., 1., 0. ]
Q: !!opencv-matrix
   rows: 4
   cols: 4
   dt: d
   data: [ 1., 0., 0., -3.6302576446533203e+02, 0., 1., 0.,
       -2.4126348495483398e+02, 0., 0., 0., 2.3781699388660672e+02, 0.,
       0., 8.2955504375651704e-03, 0. ]
roi1: [ 27, 58, 696, 369 ]
roi2: [ 43, 52, 650, 371 ]
