%YAML:1.0
---
cameraMatrix1: !!opencv-matrix
   rows: 3
   cols: 3
   dt: d
   data: [ 3.4451870513486369e+02, 0., 3.7859260711497052e+02, 0.,
       3.4717352459457601e+02, 2.3197737416859169e+02, 0., 0., 1. ]
distCoeffs1: !!opencv-matrix
   rows: 5
   cols: 1
   dt: d
   data: [ -2.8295495739863347e-01, 7.0043149519046097e-02,
       -2.3924386377268165e-04, -2.3688206973251805e-03, 0. ]
cameraMatrix2: !!opencv-matrix
   rows: 3
   cols: 3
   dt: d
   data: [ 3.5334795351643646e+02, 0., 3.4999751884985523e+02, 0.,
       3.5387855196291588e+02, 2.3693267262634961e+02, 0., 0., 1. ]
distCoeffs2: !!opencv-matrix
   rows: 5
   cols: 1
   dt: d
   data: [ -3.1603771614545334e-01, 9.6497517236206656e-02,
       1.6864477947024638e-03, 2.9113721566217964e-03, 0. ]
R: !!opencv-matrix
   rows: 3
   cols: 3
   dt: d
   data: [ 9.9872901292858796e-01, 1.3976222881428981e-03,
       5.0382590114324909e-02, -1.1331440025342768e-03,
       9.9998543146237939e-01, -5.2775797169149164e-03,
       -5.0389232176705219e-02, 5.2137812515061785e-03,
       9.9871604661470392e-01 ]
T: !!opencv-matrix
   rows: 3
   cols: 1
   dt: d
   data: [ -1.1002174522209751e+02, 9.7213481441949767e-01,
       1.0021528353856191e+01 ]
E: !!opencv-matrix
   rows: 3
   cols: 3
   dt: d
   data: [ -3.7629292120442970e-02, -1.0016313856573996e+01,
       1.0237760534063587e+00, 4.4648798564000707e+00,
       5.8763562388556689e-01, 1.1038539298523483e+02,
       -8.4622876289192694e-01, -1.1002150104344688e+02,
       5.3166986111295955e-01 ]
F: !!opencv-matrix
   rows: 3
   cols: 3
   dt: d
   data: [ 1.0081241562224814e-07, 2.6629444377170605e-05,
       -7.1605387086256410e-03, -1.1943898078244811e-05,
       -1.5599498448020219e-06, -9.6848991751420130e-02,
       3.5957001109405040e-03, 9.4405038393713628e-02, 1. ]
imageSize: [ 752, 480 ]
R1: !!opencv-matrix
   rows: 3
   cols: 3
   dt: d
   data: [ 9.9915364808485230e-01, -7.8800696325012198e-03,
       -4.0371921199247499e-02, 7.7886951356599555e-03,
       9.9996673910155731e-01, -2.4201071632893936e-03,
       4.0389649005841410e-02, 2.1036143146950567e-03,
       9.9918179079684999e-01 ]
P1: !!opencv-matrix
   rows: 3
   cols: 4
   dt: d
   data: [ 2.2990196319006904e+02, 0., 4.2731718063354492e+02, 0., 0.,
       2.2990196319006904e+02, 2.3294787216186523e+02, 0., 0., 0., 1.,
       0. ]
R2: !!opencv-matrix
   rows: 3
   cols: 3
   dt: d
   data: [ 9.9583868139692222e-01, -8.7990737628938966e-03,
       -9.0707755647213645e-02, 9.0544403395685369e-03,
       9.9995611764379655e-01, 2.4041416104088821e-03,
       9.0682620957803522e-02, -3.2154451730449099e-03,
       9.9587465233761352e-01 ]
P2: !!opencv-matrix
   rows: 3
   cols: 4
   dt: d
   data: [ 2.2990196319006904e+02, 0., 4.2731718063354492e+02,
       -2.5399912347927799e+04, 0., 2.2990196319006904e+02,
       2.3294787216186523e+02, 0., 0., 0., 1., 0. ]
Q: !!opencv-matrix
   rows: 4
   cols: 4
   dt: d
   data: [ 1., 0., 0., -4.2731718063354492e+02, 0., 1., 0.,
       -2.3294787216186523e+02, 0., 0., 0., 2.2990196319006904e+02, 0.,
       0., 9.0512896281244506e-03, 0. ]
roi1: [ 61, 52, 676, 378 ]
roi2: [ 67, 56, 637, 365 ]
