%YAML:1.0
---
cameraMatrix1: !!opencv-matrix
   rows: 3
   cols: 3
   dt: d
   data: [ 3.8027484435482091e+02, 0., 3.8106995638690307e+02, 0.,
       3.8187107159078363e+02, 2.2907046121923347e+02, 0., 0., 1. ]
distCoeffs1: !!opencv-matrix
   rows: 5
   cols: 1
   dt: d
   data: [ -2.8404111749095923e-01, 6.5762035868092483e-02,
       3.5740073469876761e-03, -3.9603591519226898e-03, 0. ]
cameraMatrix2: !!opencv-matrix
   rows: 3
   cols: 3
   dt: d
   data: [ 3.7102000728631845e+02, 0., 3.5155507475682174e+02, 0.,
       3.7195298730090673e+02, 2.4416678253029710e+02, 0., 0., 1. ]
distCoeffs2: !!opencv-matrix
   rows: 5
   cols: 1
   dt: d
   data: [ -3.0060375783319349e-01, 7.7375937685784005e-02,
       -2.1030596849189844e-03, 2.1256315579129209e-03, 0. ]
R: !!opencv-matrix
   rows: 3
   cols: 3
   dt: d
   data: [ 9.9988718596779269e-01, 9.5601440002645547e-04,
       -1.4990042490786797e-02, -8.0995973173235501e-04,
       9.9995217379140988e-01, 9.7464914234246889e-03,
       1.4998643360038389e-02, -9.7332505516328407e-03,
       9.9984013948783701e-01 ]
T: !!opencv-matrix
   rows: 3
   cols: 1
   dt: d
   data: [ -1.1505644697592125e+02, 7.8960590343154013e-01,
       -1.5218319810383849e+00 ]
E: !!opencv-matrix
   rows: 3
   cols: 3
   dt: d
   data: [ 1.0610394717447015e-02, 1.5140737654894731e+00,
       8.0431219897849471e-01, 2.0403031742874833e-01,
       -1.1213281192855935e+00, 1.1506086631943963e+02,
       -6.9632573587902413e-01, -1.1505169913690257e+02,
       -1.1095604476171190e+00 ]
F: !!opencv-matrix
   rows: 3
   cols: 3
   dt: d
   data: [ -1.2518116590404454e-07, -1.7803070219012722e-05,
       6.9377923606649692e-04, -2.3990680974629944e-06,
       1.3140775686111005e-05, -5.1045542949282274e-01,
       3.6995508372407722e-03, 5.1159652960495827e-01,
       9.9999999999999989e-01 ]
imageSize: [ 752, 480 ]
R1: !!opencv-matrix
   rows: 3
   cols: 3
   dt: d
   data: [ 9.9998011408946352e-01, -6.0344972367445014e-03,
       -1.8320122060541686e-03, 6.0432731993785606e-03,
       9.9997010731518843e-01, 4.8232069298273297e-03,
       1.8028518134004324e-03, -4.8341823662316069e-03,
       9.9998669011451813e-01 ]
P1: !!opencv-matrix
   rows: 3
   cols: 4
   dt: d
   data: [ 2.4990774671461864e+02, 0., 3.5390676879882813e+02, 0., 0.,
       2.4990774671461864e+02, 2.3735745620727539e+02, 0., 0., 0., 1.,
       0. ]
R2: !!opencv-matrix
   rows: 3
   cols: 3
   dt: d
   data: [ 9.9988899517522334e-01, -6.8620079458199899e-03,
       1.3225361032263065e-02, 6.9262771787299724e-03,
       9.9996439707328777e-01, -4.8198828096941045e-03,
       -1.3191816096565452e-02, 4.9109502957455997e-03,
       9.9990092436964340e-01 ]
P2: !!opencv-matrix
   rows: 3
   cols: 4
   dt: d
   data: [ 2.4990774671461864e+02, 0., 3.5390676879882813e+02,
       -2.8756689540026022e+04, 0., 2.4990774671461864e+02,
       2.3735745620727539e+02, 0., 0., 0., 1., 0. ]
Q: !!opencv-matrix
   rows: 4
   cols: 4
   dt: d
   data: [ 1., 0., 0., -3.5390676879882813e+02, 0., 1., 0.,
       -2.3735745620727539e+02, 0., 0., 0., 2.4990774671461864e+02, 0.,
       0., 8.6904212797782460e-03, 0. ]
roi1: [ 10, 68, 689, 361 ]
roi2: [ 37, 44, 688, 378 ]
