%YAML:1.0
---
cameraMatrix1: !!opencv-matrix
   rows: 3
   cols: 3
   dt: d
   data: [ 5.3587354860191340e+02, 0., 3.4227923350055607e+02, 0.,
       5.3582959114768857e+02, 2.3552733777154930e+02, 0., 0., 1. ]
distCoeffs1: !!opencv-matrix
   rows: 14
   cols: 1
   dt: d
   data: [ -2.6527284048553496e-01, -5.0649858552501301e-02,
       1.7938544410155688e-03, -2.9837365733052134e-04, 0., 0., 0.,
       -2.8946187046668559e-01, 0., 0., 0., 0., 0., 0. ]
cameraMatrix2: !!opencv-matrix
   rows: 3
   cols: 3
   dt: d
   data: [ 5.4212540350989980e+02, 0., 3.2836393641489241e+02, 0.,
       5.4139445478433606e+02, 2.4702643858665874e+02, 0., 0., 1. ]
distCoeffs2: !!opencv-matrix
   rows: 14
   cols: 1
   dt: d
   data: [ -2.8161462874131632e-01, 1.0870706808032646e-01,
       -5.5950729919615417e-04, 1.2531545062007298e-03, 0., 0., 0.,
       3.2892703906162175e-02, 0., 0., 0., 0., 0., 0. ]
R: !!opencv-matrix
   rows: 3
   cols: 3
   dt: d
   data: [ 9.9971989827008023e-01, 5.2669394990668729e-03,
       -2.3073455553375741e-02, -4.7848770875447300e-03,
       9.9977016010984365e-01, 2.0898131619707640e-02,
       2.3178221547770356e-02, -2.0781874368081044e-02,
       9.9951532441660540e-01 ]
T: !!opencv-matrix
   rows: 3
   cols: 1
   dt: d
   data: [ -8.3495785425816550e+01, 1.1378311629208906e+00,
       -3.1627084218005739e+00 ]
imageSize: [ 640, 480 ]
R1: !!opencv-matrix
   rows: 3
   cols: 3
   dt: d
   data: [ 9.9985326098828331e-01, -9.1371259085978318e-03,
       1.4490321639858576e-02, 8.9882972823721562e-03,
       9.9990652520649248e-01, 1.0302978280180751e-02,
       -1.4583106769815009e-02, -1.0171223112713949e-02,
       9.9984192711514741e-01 ]
P1: !!opencv-matrix
   rows: 3
   cols: 4
   dt: d
   data: [ 4.3083492923674413e+02, 0., 3.3217979431152344e+02, 0., 0.,
       4.3083492923674413e+02, 2.4293242263793945e+02, 0., 0., 0., 1.,
       0. ]
R2: !!opencv-matrix
   rows: 3
   cols: 3
   dt: d
   data: [ 9.9919073387854729e-01, -1.3616380143150097e-02,
       3.7848005535925787e-02, 1.4014501506323235e-02,
       9.9984901189902420e-01, -1.0273614362742729e-02,
       -3.7702401498836982e-02, 1.0795721205288643e-02,
       9.9923069474715320e-01 ]
P2: !!opencv-matrix
   rows: 3
   cols: 4
   dt: d
   data: [ 4.3083492923674413e+02, 0., 3.0389028167724609e+02,
       -3.6002036033563330e+04, 0., 4.3083492923674413e+02,
       2.4293242263793945e+02, 0., 0., 0., 1., 0. ]
Q: !!opencv-matrix
   rows: 4
   cols: 4
   dt: d
   data: [ 1., 0., 0., -3.3217979431152344e+02, 0., 1., 0.,
       -2.4293242263793945e+02, 0., 0., 0., 4.3083492923674413e+02, 0.,
       0., 1.1966960114008360e-02, -3.3853946933913254e-01 ]
roi1: [ 34, 47, 571, 410 ]
roi2: [ 33, 29, 568, 405 ]
