%YAML:1.0
---
cameraMatrix1: !!opencv-matrix
   rows: 3
   cols: 3
   dt: d
   data: [ 5.3587354860224934e+02, 0., 3.4227923350053368e+02, 0.,
       5.3582959114801804e+02, 2.3552733777156595e+02, 0., 0., 1. ]
distCoeffs1: !!opencv-matrix
   rows: 14
   cols: 1
   dt: d
   data: [ -2.6527284049921346e-01, -5.0649858549973122e-02,
       1.7938544414395677e-03, -2.9837365849786946e-04, 0., 0., 0.,
       -2.8946187075260310e-01, 0., 0., 0., 0., 0., 0. ]
cameraMatrix2: !!opencv-matrix
   rows: 3
   cols: 3
   dt: d
   data: [ 5.4212540350719041e+02, 0., 3.2836393641468186e+02, 0.,
       5.4139445478169148e+02, 2.4702643860145565e+02, 0., 0., 1. ]
distCoeffs2: !!opencv-matrix
   rows: 14
   cols: 1
   dt: d
   data: [ -2.8161462874299803e-01, 1.0870706810486802e-01,
       -5.5950729891277528e-04, 1.2531545065297388e-03, 0., 0., 0.,
       3.2892703951575425e-02, 0., 0., 0., 0., 0., 0. ]
R: !!opencv-matrix
   rows: 3
   cols: 3
   dt: d
   data: [ 9.9971989827007568e-01, 5.2669394975493021e-03,
       -2.3073455553918966e-02, -4.7848770860131982e-03,
       9.9977016010984876e-01, 2.0898131619817493e-02,
       2.3178221548282446e-02, -2.0781874368223503e-02,
       9.9951532441659041e-01 ]
T: !!opencv-matrix
   rows: 3
   cols: 1
   dt: d
   data: [ -8.3495785425723895e+01, 1.1378311628555786e+00,
       -3.1627084214768559e+00 ]
imageSize: [ 640, 480 ]
R1: !!opencv-matrix
   rows: 3
   cols: 3
   dt: d
   data: [ 9.9985326098834026e-01, -9.1371259092741190e-03,
       1.4490321635497787e-02, 8.9861142700743222e-03,
       9.9990499149690348e-01, 1.0452642245025328e-02,
       -1.4584452040007207e-02, -1.0320896748606345e-02,
       9.9984037368421819e-01 ]
P1: !!opencv-matrix
   rows: 3
   cols: 4
   dt: d
   data: [ 4.3080372885701422e+02, 0., 3.3217965698242188e+02, 0., 0.,
       4.3080372885701422e+02, 2.4282984924316406e+02, 0., 0., 0., 1.,
       0. ]
R2: !!opencv-matrix
   rows: 3
   cols: 3
   dt: d
   data: [ 9.9919073387870261e-01, -1.3616380142385457e-02,
       3.7848005532099223e-02, 1.4008857761172173e-02,
       9.9985061668464437e-01, -1.0124041661491501e-02,
       -3.7704498871713017e-02, 1.0646055943607489e-02,
       9.9923222138683976e-01 ]
P2: !!opencv-matrix
   rows: 3
   cols: 4
   dt: d
   data: [ 4.3080372885701422e+02, 0., 3.0389015197753906e+02,
       -3.5999428823379807e+04, 0., 4.3080372885701422e+02,
       2.4282984924316406e+02, 0., 0., 0., 1., 0. ]
Q: !!opencv-matrix
   rows: 4
   cols: 4
   dt: d
   data: [ 1., 0., 0., -3.3217965698242188e+02, 0., 1., 0.,
       -2.4282984924316406e+02, 0., 0., 0., 4.3080372885701422e+02, 0.,
       0., 1.1966960114023501e-02, -3.3853937803890083e-01 ]
roi1: [ 34, 47, 571, 410 ]
roi2: [ 33, 29, 568, 405 ]
