%YAML:1.0
---
cameraMatrix1: !!opencv-matrix
   rows: 3
   cols: 3
   dt: d
   data: [ 5.3587354859998379e+02, 0., 3.4227923351028329e+02, 0.,
       5.3582959114553148e+02, 2.3552733776498908e+02, 0., 0., 1. ]
distCoeffs1: !!opencv-matrix
   rows: 14
   cols: 1
   dt: d
   data: [ -2.6527284045940464e-01, -5.0649858723217478e-02,
       1.7938544408534350e-03, -2.9837365672483575e-04, 0., 0., 0.,
       -2.8946187076609059e-01, 0., 0., 0., 0., 0., 0. ]
imageSize: [ 640, 480 ]
