%YAML:1.0
---
cameraMatrix1: !!opencv-matrix
   rows: 3
   cols: 3
   dt: d
   data: [ 3.2362988992872960e+02, 0., 3.4063892298814835e+02, 0.,
       3.1187026359077373e+02, 2.0893166010031598e+02, 0., 0., 1. ]
distCoeffs1: !!opencv-matrix
   rows: 1
   cols: 14
   dt: d
   data: [ -3.1533140380628594e-01, 1.9514613867218680e-01, 0., 0., 0.,
       0., 0., 0., 0., 0., 0., 0., 0., 0. ]
cameraMatrix2: !!opencv-matrix
   rows: 3
   cols: 3
   dt: d
   data: [ 3.2362988992872960e+02, 0., 3.8093202862062037e+02, 0.,
       3.1187026359077373e+02, 2.5974119275055358e+02, 0., 0., 1. ]
distCoeffs2: !!opencv-matrix
   rows: 1
   cols: 14
   dt: d
   data: [ 4.6253542027006045e+00, -2.8647319703964405e+00, 0., 0., 0.,
       0., 0., 0., 0., 0., 0., 0., 0., 0. ]
R: !!opencv-matrix
   rows: 3
   cols: 3
   dt: d
   data: [ 9.5025885808224364e-01, -5.8990790433069880e-02,
       3.0582378795690823e-01, -6.0325982708580236e-03,
       9.7822983894712179e-01, 2.0743671312376355e-01,
       -3.1140281051129381e-01, -1.9896348619173759e-01,
       9.2921570195950598e-01 ]
T: !!opencv-matrix
   rows: 3
   cols: 1
   dt: d
   data: [ -3.0167392931567849e+02, -1.5228428938765467e+02,
       2.8883462525329389e+02 ]
E: !!opencv-matrix
   rows: 3
   cols: 3
   dt: d
   data: [ 4.9164178972897801e+01, -2.5224763583508275e+02,
       -2.0141985815963136e+02, 1.8052555172092013e+02,
       -7.7060679517938553e+01, 3.6865265118002696e+02,
       1.4652937256173135e+02, -3.0408980989053771e+02,
       -1.6006090105516364e+01 ]
F: !!opencv-matrix
   rows: 3
   cols: 3
   dt: d
   data: [ -7.9280059709382156e-06, 4.2210154358051186e-05,
       4.3930835387938193e-03, -3.0208455189226382e-05,
       1.3381269830566996e-05, -1.2469975058813931e-02,
       3.2194573088133948e-03, -3.0868868087115804e-03, 1. ]
imageSize: [ 752, 480 ]
R1: !!opencv-matrix
   rows: 3
   cols: 3
   dt: d
   data: [ 8.4511322917585807e-01, 4.2434227572723293e-01,
       -3.2514191194397996e-01, -4.4167560771554237e-01,
       8.9689205152536489e-01, 2.2523442448447561e-02,
       3.0117484526610133e-01, 1.2457239237188662e-01,
       9.4539697039798298e-01 ]
P1: !!opencv-matrix
   rows: 3
   cols: 4
   dt: d
   data: [ 3.1187026359077373e+02, 0., 7.2747129821777344e+02, 0., 0.,
       3.1187026359077373e+02, 2.5346409070491791e+02, 0., 0., 0., 1.,
       0. ]
R2: !!opencv-matrix
   rows: 3
   cols: 3
   dt: d
   data: [ 6.7860791471327164e-01, 3.4255967792566533e-01,
       -6.4972622322634455e-01, -4.6572632519575757e-01,
       8.8470320749373454e-01, -1.9980607346963830e-02,
       5.6797032326360208e-01, 3.1615360461295172e-01,
       7.5990565873802840e-01 ]
P2: !!opencv-matrix
   rows: 3
   cols: 4
   dt: d
   data: [ 3.1187026359077373e+02, 0., 7.2747129821777344e+02,
       -1.3864136538091738e+05, 0., 3.1187026359077373e+02,
       2.5346409070491791e+02, 0., 0., 0., 1., 0. ]
Q: !!opencv-matrix
   rows: 4
   cols: 4
   dt: d
   data: [ 1., 0., 0., -7.2747129821777344e+02, 0., 1., 0.,
       -2.5346409070491791e+02, 0., 0., 0., 3.1187026359077373e+02, 0.,
       0., 2.2494748427636271e-03, 0. ]
roi1: [ 410, 187, 342, 102 ]
roi2: [ 0, 0, 0, 0 ]
