%YAML:1.0
---
calibration_time: "Wed Feb 27 17:06:29 2019"
nframes: 11
image_width: 752
image_height: 480
board_width: 9
board_height: 6
square_size: 2.5000000372529030e-02
aspectRatio: 1.
flags: 6
camera_matrix: !!opencv-matrix
   rows: 3
   cols: 3
   dt: d
   data: [ 3.4972235674696771e+02, 0., 376., 0., 3.4972235674696771e+02,
       240., 0., 0., 1. ]
distortion_coefficients: !!opencv-matrix
   rows: 5
   cols: 1
   dt: d
   data: [ -2.8448375006625748e-01, 7.1603576405399799e-02,
       -6.1963287096476792e-04, -3.4634240506275474e-03, 0. ]
avg_reprojection_error: 1.9947852444340031e+00
per_view_reprojection_errors: !!opencv-matrix
   rows: 11
   cols: 1
   dt: f
   data: [ 2.39619732e-01, 1.66625953e+00, 3.19686472e-01,
       3.08561063e+00, 4.75457847e-01, 3.52005690e-01, 3.58088708e+00,
       2.93673992e-01, 3.24506783e+00, 2.75239855e-01, 2.72921848e+00 ]
extrinsic_parameters: !!opencv-matrix
   rows: 11
   cols: 6
   dt: d
   data: [ -8.5565663952601534e-01, -3.8769777551011358e-01,
       -2.8646841500130291e+00, 1.8040878088093751e-01,
       2.1622269465726326e-01, 3.7484089052158187e-01,
       -1.2244581570785849e+00, 4.1555265242008915e-01,
       2.8253061135441597e+00, -3.0836559244667518e-02,
       2.1723414940977970e-01, 4.9469554466654120e-01,
       -7.4743320917030800e-02, -4.0921531902986424e-01,
       -3.0477555221688846e+00, 2.2837639617855876e-01,
       1.9212302627940883e-01, 3.3941490665745050e-01,
       -5.0444269348452975e-02, -2.3077333830870009e-01,
       -3.0670763012348479e+00, 2.2771068106290041e-01,
       4.4843263710332669e-02, 5.9425250416135267e-01,
       9.6643602572983600e-01, -4.0091928099770330e-01,
       -2.9469147189379989e+00, 4.8578823405539644e-02,
       4.4663568720129609e-02, 4.3238244234748524e-01,
       -3.0317552735915744e-03, 3.7630593106409332e-01,
       -3.0289224165229629e+00, 2.8111767593420783e-01,
       -3.3873336397438523e-02, 3.6879072978074656e-01,
       -1.1207029242660511e+00, 1.6097607789786664e-01,
       2.8664761912888213e+00, -1.5617949960576396e-03,
       4.2695056524936721e-02, 6.0637653956450122e-01,
       -1.0930153966378795e+00, -1.0038240029428275e-01,
       -2.7773613036386950e+00, 2.5687922149972348e-01,
       1.1762476492121783e-01, 2.5070607123778893e-01,
       -1.2647764372561083e+00, 4.2740623731467769e-01,
       2.7768055088079833e+00, 9.7622650021595675e-02,
       1.2802749918023035e-01, 4.2319584250650100e-01,
       -2.2870943248513978e-01, 2.8458559255652371e-01,
       3.0302319617581110e+00, 1.5074039044427642e-01,
       9.8544194998663973e-02, 3.1984471820806420e-01,
       -1.1002535496232024e+00, 3.2646332225507790e-01,
       2.7395642685143060e+00, 1.4641726153293780e-01,
       9.9947396143853326e-02, 3.3774300101026961e-01 ]
image_points: !!opencv-matrix
   rows: 11
   cols: 54
   dt: "2f"
   data: [ 5.19469788e+02, 4.13287201e+02, 5.01171051e+02,
       4.09563538e+02, 4.83309235e+02, 4.05985138e+02, 4.65500488e+02,
       4.01971741e+02, 4.48310944e+02, 3.97932190e+02, 4.31876038e+02,
       3.94033112e+02, 4.15663879e+02, 3.89863586e+02, 4.00375916e+02,
       3.85587738e+02, 3.85604156e+02, 3.81464325e+02, 5.23869751e+02,
       3.94509247e+02, 5.05482117e+02, 3.91381775e+02, 4.87312012e+02,
       3.87684906e+02, 4.69495056e+02, 3.84169922e+02, 4.52376678e+02,
       3.80512878e+02, 4.35512665e+02, 3.76785645e+02, 4.19265015e+02,
       3.72977509e+02, 4.03679871e+02, 3.69155823e+02, 3.88826691e+02,
       3.65240051e+02, 5.27982422e+02, 3.75363129e+02, 5.09617279e+02,
       3.72155029e+02, 4.91318054e+02, 3.69442200e+02, 4.73433990e+02,
       3.66003510e+02, 4.56195648e+02, 3.62765259e+02, 4.39173523e+02,
       3.59229034e+02, 4.22598846e+02, 3.55761749e+02, 4.07035248e+02,
       3.52345612e+02, 3.92060577e+02, 3.48811859e+02, 5.32078979e+02,
       3.55784912e+02, 5.13424194e+02, 3.53195618e+02, 4.95159851e+02,
       3.50414246e+02, 4.77221130e+02, 3.47447876e+02, 4.59563354e+02,
       3.44467926e+02, 4.42585724e+02, 3.41449585e+02, 4.26005829e+02,
       3.38367615e+02, 4.10361542e+02, 3.35292145e+02, 3.95316406e+02,
       3.32199432e+02, 5.35451416e+02, 3.36176727e+02, 5.16793945e+02,
       3.33768188e+02, 4.98507233e+02, 3.31390747e+02, 4.80495331e+02,
       3.28751862e+02, 4.62850922e+02, 3.26240021e+02, 4.46167450e+02,
       3.23444366e+02, 4.29303253e+02, 3.20776031e+02, 4.13656616e+02,
       3.18056244e+02, 3.98422272e+02, 3.15366241e+02, 5.38554321e+02,
       3.16493042e+02, 5.20099243e+02, 3.14469177e+02, 5.01721771e+02,
       3.12185516e+02, 4.83624176e+02, 3.10033173e+02, 4.66174805e+02,
       3.07741943e+02, 4.49223297e+02, 3.05607849e+02, 4.32416321e+02,
       3.03225708e+02, 4.16599060e+02, 3.00789185e+02, 4.01405823e+02,
       2.98499176e+02, 3.53579285e+02, 3.85864044e+02, 3.47956390e+02,
       3.87596588e+02, 3.28113220e+02, 3.92784241e+02, 3.13709595e+02,
       3.96659546e+02, 2.98850769e+02, 4.00147797e+02, 2.83334106e+02,
       4.03781799e+02, 2.66426971e+02, 4.07579742e+02, 2.48778946e+02,
       4.11246918e+02, 2.30379959e+02, 4.14636749e+02, 3.53297577e+02,
       3.69586700e+02, 3.39125793e+02, 3.72703278e+02, 3.25658234e+02,
       3.75759338e+02, 3.11296997e+02, 3.78848114e+02, 2.96359070e+02,
       3.82036987e+02, 2.80419952e+02, 3.85272919e+02, 2.63598083e+02,
       3.88323486e+02, 2.46026016e+02, 3.91616058e+02, 2.27347824e+02,
       3.94288452e+02, 3.49217621e+02, 3.53294922e+02, 3.43347107e+02,
       3.54614563e+02, 3.23167786e+02, 3.58376556e+02, 3.08740326e+02,
       3.61012909e+02, 2.93692444e+02, 3.63568176e+02, 2.77710724e+02,
       3.66235565e+02, 2.60740112e+02, 3.68724762e+02, 2.43100571e+02,
       3.71240692e+02, 2.24415680e+02, 3.73474487e+02, 3.48967651e+02,
       3.36741486e+02, 3.34533142e+02, 3.38728119e+02, 3.20728210e+02,
       3.40849762e+02, 3.06301086e+02, 3.42725952e+02, 2.91268707e+02,
       3.44792969e+02, 2.75351685e+02, 3.46783997e+02, 2.58298218e+02,
       3.48835419e+02, 2.40460052e+02, 3.50530273e+02, 2.21606003e+02,
       3.52430573e+02, 3.44341949e+02, 3.20291260e+02, 3.38362091e+02,
       3.21149567e+02, 3.18349915e+02, 3.23099884e+02, 3.04054810e+02,
       3.24561584e+02, 2.88942780e+02, 3.26020874e+02, 2.73003876e+02,
       3.27386200e+02, 2.55991592e+02, 3.28655334e+02, 2.38121155e+02,
       3.29893372e+02, 2.19473694e+02, 3.31018890e+02, 3.44466858e+02,
       3.03779724e+02, 3.36221039e+02, 3.03834717e+02, 3.16497223e+02,
       3.05497131e+02, 3.01905701e+02, 3.06321106e+02, 2.86846649e+02,
       3.07161835e+02, 2.70874176e+02, 3.07717651e+02, 2.53966827e+02,
       3.08554260e+02, 2.36286728e+02, 3.09206055e+02, 2.17752670e+02,
       3.09662811e+02, 5.67759460e+02, 4.02307495e+02, 5.50108948e+02,
       4.04114166e+02, 5.31266418e+02, 4.05485321e+02, 5.11602661e+02,
       4.06746368e+02, 4.90919037e+02, 4.07349243e+02, 4.69729248e+02,
       4.07868805e+02, 4.47506317e+02, 4.07751709e+02, 4.25148590e+02,
       4.07594757e+02, 4.02522095e+02, 4.06527039e+02, 5.69704712e+02,
       3.81974213e+02, 5.52142944e+02, 3.83329956e+02, 5.33211548e+02,
       3.84507446e+02, 5.13545532e+02, 3.85441040e+02, 4.93216034e+02,
       3.86038971e+02, 4.71707581e+02, 3.86429504e+02, 4.49458344e+02,
       3.86015167e+02, 4.27144562e+02, 3.85488464e+02, 4.04419769e+02,
       3.84669403e+02, 5.70937073e+02, 3.61494568e+02, 5.53379639e+02,
       3.62390869e+02, 5.34446899e+02, 3.63038635e+02, 5.15061829e+02,
       3.63738831e+02, 4.94682068e+02, 3.63970459e+02, 4.73485718e+02,
       3.64136963e+02, 4.51403259e+02, 3.64125885e+02, 4.28760742e+02,
       3.63613586e+02, 4.05796753e+02, 3.62543365e+02, 5.71834839e+02,
       3.40576843e+02, 5.54189331e+02, 3.41272247e+02, 5.35466553e+02,
       3.41885437e+02, 5.15893738e+02, 3.41870819e+02, 4.95931091e+02,
       3.42323395e+02, 4.74716400e+02, 3.42121307e+02, 4.52624939e+02,
       3.41512573e+02, 4.30279114e+02, 3.40608643e+02, 4.07649139e+02,
