%YAML:1.0
---
M1: !!opencv-matrix
   rows: 3
   cols: 3
   dt: d
   data: [ 5.3392448824806104e+02, 0., 3.2882415473827643e+02, 0.,
       5.2857636789292826e+02, 2.3724236749219972e+02, 0., 0., 1. ]
D1: !!opencv-matrix
   rows: 1
   cols: 14
   dt: d
   data: [ -2.5847772025601656e-01, -1.2969221553053673e-01, 0., 0., 0.,
       0., 0., -4.0469016170648758e-01, 0., 0., 0., 0., 0., 0. ]
M2: !!opencv-matrix
   rows: 3
   cols: 3
   dt: d
   data: [ 5.3392448824806104e+02, 0., 3.1406466878477210e+02, 0.,
       5.2857636789292826e+02, 2.4222537575249768e+02, 0., 0., 1. ]
D2: !!opencv-matrix
   rows: 1
   cols: 14
   dt: d
   data: [ -2.6275800471235367e-01, -1.3243222433644092e-02, 0., 0., 0.,
       0., 0., -1.9692458397459081e-01, 0., 0., 0., 0., 0., 0. ]
