%YAML:1.0
---
R: !!opencv-matrix
   rows: 3
   cols: 3
   dt: d
   data: [ 9.9997023317267808e-01, 4.7391709243568324e-03,
       6.0887623971932940e-03, -4.8084895391740700e-03,
       9.9992321737369572e-01, 1.1420936274595481e-02,
       -6.0341691169039811e-03, -1.1449874059850974e-02,
       9.9991624108576316e-01 ]
T: !!opencv-matrix
   rows: 3
   cols: 1
   dt: d
   data: [ -8.3564079421482262e+01, 1.1676828472319956e+00,
       5.5321683302545235e-02 ]
R1: !!opencv-matrix
   rows: 3
   cols: 3
   dt: d
   data: [ 9.9994358118035753e-01, -9.2247756354333823e-03,
       5.2666849798973930e-03, 9.1944735884092587e-03,
       9.9994120334709313e-01, 5.7490437638834943e-03,
       -5.3194089552887590e-03, -5.7002950136741315e-03,
       9.9996960480062747e-01 ]
R2: !!opencv-matrix
   rows: 3
   cols: 3
   dt: d
   data: [ 9.9990216583743330e-01, -1.3972135109267312e-02,
       -6.6196230886456705e-04, 1.3968096736558015e-02,
       9.9988587316774957e-01, -5.7561196239288293e-03,
       7.4231204229383875e-04, 5.7463101252196065e-03,
       9.9998321430550829e-01 ]
P1: !!opencv-matrix
   rows: 3
   cols: 4
   dt: d
   data: [ 4.3977214499990754e+02, 0., 3.1922493362426758e+02, 0., 0.,
       4.3977214499990754e+02, 2.3982355880737305e+02, 0., 0., 0., 1.,
       0. ]
P2: !!opencv-matrix
   rows: 3
   cols: 4
   dt: d
   data: [ 4.3977214499990754e+02, 0., 3.1922493362426758e+02,
       -3.6752750126658553e+04, 0., 4.3977214499990754e+02,
       2.3982355880737305e+02, 0., 0., 0., 1., 0. ]
Q: !!opencv-matrix
   rows: 4
   cols: 4
   dt: d
   data: [ 1., 0., 0., -3.1922493362426758e+02, 0., 1., 0.,
       -2.3982355880737305e+02, 0., 0., 0., 4.3977214499990754e+02, 0.,
       0., 1.1965693546315584e-02, 0. ]
