%YAML:1.0
calibrationDate: "Mon Feb 08 13:56:21 2016\n"
# flags: fix_k3 + use_intrinsic_guess + fix_principal_point + zero_tangent_dist
flags: -842150451
imageSize:
   - 0
   - 0
cameraMatrix: !!opencv-matrix
   rows: 3
   cols: 3
   dt: d
   data: [ 1., 0., 0., 0., 1., 0., 0., 0., 1. ]
distortionCoefficients: !!opencv-matrix
   rows: 1
   cols: 8
   dt: d
   data: [ -2.8648091255390903e-019, 0., 0., 0., 0., 0.,
       3.6323028136246749e-014, -1.4022725236824936e-019 ]
nImages: 10
rotaionMatrix_0: !!opencv-matrix
   rows: 3
   cols: 1
   dt: d
   data: [ 2.1747600869957950e+000, 2.2670846070996169e+000,
       4.9526208055201305e-006 ]
rotaionMatrix_1: !!opencv-matrix
   rows: 3
   cols: 1
   dt: d
   data: [ 1.5131682312106909e+000, 2.7530015212009644e+000,
       -4.8279864342606043e-005 ]
rotaionMatrix_2: !!opencv-matrix
   rows: 3
   cols: 1
   dt: d
   data: [ 2.8072460034102145e+000, 1.4103182056059957e+000,
       1.5304168242127002e-004 ]
rotaionMatrix_3: !!opencv-matrix
   rows: 3
   cols: 1
   dt: d
   data: [ -2.8264342528635393e+000, -1.3713888828995091e+000,
       -5.7463379654556818e-005 ]
rotaionMatrix_4: !!opencv-matrix
   rows: 3
   cols: 1
   dt: d
   data: [ 2.2019639744643635e+000, 2.2406512520635480e+000,
       3.9022595334568278e-005 ]
rotaionMatrix_5: !!opencv-matrix
   rows: 3
   cols: 1
   dt: d
   data: [ -2.3683581244187324e+000, -2.0639533549635045e+000,
       3.3206478367662370e-005 ]
rotaionMatrix_6: !!opencv-matrix
   rows: 3
   cols: 1
   dt: d
   data: [ -2.3170515208182594e+000, -2.1215219671353891e+000,
       -1.0595156804466254e-004 ]
rotaionMatrix_7: !!opencv-matrix
   rows: 3
   cols: 1
   dt: d
   data: [ 2.2857482719650806e+000, 2.1552150748036660e+000,
       1.3008910888116965e-005 ]
rotaionMatrix_8: !!opencv-matrix
   rows: 3
   cols: 1
   dt: d
   data: [ 2.8594176335929324e+000, 1.3012496386068066e+000,
       4.3615953106137289e-005 ]
rotaionMatrix_9: !!opencv-matrix
   rows: 3
   cols: 1
   dt: d
   data: [ 1.9271367199061744e+000, 2.4810836231401678e+000,
       -6.4585387000479913e-005 ]
translationMatrix_0: !!opencv-matrix
   rows: 3
   cols: 1
   dt: d
   data: [ 1.4555925380142563e+002, 1.3826350871161580e+002,
       7.1009306794475902e-001 ]
translationMatrix_1: !!opencv-matrix
   rows: 3
   cols: 1
   dt: d
   data: [ 2.0163114705324784e+002, 8.2560816418829788e+001,
       7.1726757599069602e-001 ]
translationMatrix_2: !!opencv-matrix
   rows: 3
   cols: 1
   dt: d
   data: [ 1.1677837004715487e+002, 1.9175283584755141e+002,
       6.6039577203947630e-001 ]
translationMatrix_3: !!opencv-matrix
   rows: 3
   cols: 1
   dt: d
   data: [ 1.0472012383206764e+002, 1.8627887470373909e+002,
       5.9631725817454739e-001 ]
translationMatrix_4: !!opencv-matrix
   rows: 3
   cols: 1
   dt: d
   data: [ 1.4363239380374483e+002, 7.8761716830376926e+001,
       5.6272021468867295e-001 ]
translationMatrix_5: !!opencv-matrix
   rows: 3
   cols: 1
   dt: d
   data: [ 1.3467272643567338e+002, 1.1625376461814786e+002,
       5.8626198458163647e-001 ]
translationMatrix_6: !!opencv-matrix
   rows: 3
   cols: 1
   dt: d
   data: [ 1.9067160413537306e+002, 1.3391986059811629e+002,
       8.1128546189675144e-001 ]
translationMatrix_7: !!opencv-matrix
   rows: 3
   cols: 1
   dt: d
   data: [ 1.6092735106596504e+002, 1.4346421009007040e+002,
       7.9857120954540806e-001 ]
translationMatrix_8: !!opencv-matrix
   rows: 3
   cols: 1
   dt: d
   data: [ 1.6699458861142702e+002, 2.1941697000132115e+002,
       7.8680012248496556e-001 ]
translationMatrix_9: !!opencv-matrix
   rows: 3
   cols: 1
   dt: d
   data: [ 1.6376680560365165e+002, 1.4726703288386344e+002,
       8.4255502587558384e-001 ]
