%YAML:1.0
---
R: !!opencv-matrix
   rows: 3
   cols: 3
   dt: d
   data: [ 9.6155743202010024e-01, -3.9073094290130575e-02,
       2.7180985675560931e-01, 1.4263076757193738e-02,
       9.9559553258367062e-01, 9.2661211630626267e-02,
       -2.7423323935717325e-01, -8.5222231853148950e-02,
       9.5787958618483948e-01 ]
T: !!opencv-matrix
   rows: 3
   cols: 1
   dt: d
   data: [ -4.9262334871141417e+02, -1.8522510867404577e+02,
       2.3413095124346631e+02 ]
R1: !!opencv-matrix
   rows: 3
   cols: 3
   dt: d
   data: [ 9.3838834514348846e-01, 3.2136543232345027e-01,
       -1.2708883745800403e-01, -3.2438573127008502e-01,
       9.4591927986740221e-01, -3.2578096180771454e-03,
       1.1916883421111960e-01, 4.4282896051379556e-02,
       9.9188598844326126e-01 ]
R2: !!opencv-matrix
   rows: 3
   cols: 3
   dt: d
   data: [ 8.5521354685030471e-01, 3.2155808807929825e-01,
       -4.0646055807975778e-01, -3.4976100872276328e-01,
       9.3682439805023188e-01, 5.2234083753847499e-03,
       3.8246179686467641e-01, 1.3769692519663301e-01,
       9.1365339748201879e-01 ]
P1: !!opencv-matrix
   rows: 3
   cols: 4
   dt: d
   data: [ -2.9557378461578987e+03, 0., -2.3151239860057831e+03, 0., 0.,
       -2.9557378461578987e+03, 1.7758391246795654e+03, 0., 0., 0., 1.,
       0. ]
P2: !!opencv-matrix
   rows: 3
   cols: 4
   dt: d
   data: [ -2.9557378461578987e+03, 0., -2.3151239860057831e+03,
       1.7025753170654988e+06, 0., -2.9557378461578987e+03,
       1.7758391246795654e+03, 0., 0., 0., 1., 0. ]
Q: !!opencv-matrix
   rows: 4
   cols: 4
   dt: d
   data: [ 1., 0., 0., 2.3151239860057831e+03, 0., 1., 0.,
       -1.7758391246795654e+03, 0., 0., 0., -2.9557378461578987e+03, 0.,
       0., 1.7360394083783082e-03, 0. ]
