%YAML:1.0
---
M1: !!opencv-matrix
   rows: 3
   cols: 3
   dt: d
   data: [ 5.8216453975031834e+02, 0., 6.1988515655050094e+02, 0.,
       6.4627499026017290e+02, 2.8443892360564814e+02, 0., 0., 1. ]
D1: !!opencv-matrix
   rows: 1
   cols: 14
   dt: d
   data: [ -3.5101754303596938e-01, 2.9922814136881348e-01, 0., 0., 0.,
       0., 0., -2.0237250032427494e+00, 0., 0., 0., 0., 0., 0. ]
M2: !!opencv-matrix
   rows: 3
   cols: 3
   dt: d
   data: [ 5.8216453975031834e+02, 0., 7.2953854602366903e+02, 0.,
       6.4627499026017290e+02, 3.5117091513624416e+02, 0., 0., 1. ]
D2: !!opencv-matrix
   rows: 1
   cols: 14
   dt: d
   data: [ 2.2062713561501890e+00, 1.8599031826368637e+00, 0., 0., 0.,
       0., 0., 1.7084645215240772e+00, 0., 0., 0., 0., 0., 0. ]
