%YAML:1.0
---
cameraMatrix1: !!opencv-matrix
   rows: 3
   cols: 3
   dt: d
   data: [ 4.8777772792934684e+02, 0., 2.2300163426147145e+02, 0.,
       4.7929023018129072e+02, 1.8386783222851386e+02, 0., 0., 1. ]
distCoeffs1: !!opencv-matrix
   rows: 1
   cols: 14
   dt: d
   data: [ -3.6819440410968035e-01, 2.4235728606752951e+00, 0., 0., 0.,
       0., 0., 0., 0., 0., 0., 0., 0., 0. ]
cameraMatrix2: !!opencv-matrix
   rows: 3
   cols: 3
   dt: d
   data: [ 4.8777772792934684e+02, 0., 2.6375758640614936e+02, 0.,
       4.7929023018129072e+02, 1.7963364203523898e+02, 0., 0., 1. ]
distCoeffs2: !!opencv-matrix
   rows: 1
   cols: 14
   dt: d
   data: [ -2.3302735436105104e-01, 4.0327909264581829e-01, 0., 0., 0.,
       0., 0., 0., 0., 0., 0., 0., 0., 0. ]
R: !!opencv-matrix
   rows: 3
   cols: 3
   dt: d
   data: [ 9.9911091332315694e-01, -1.0630294639152938e-03,
       -4.2145614800662930e-02, 1.3574464019497018e-03,
       9.9997487352355841e-01, 6.9577051395643555e-03,
       4.2137159584300928e-02, -7.0087295497924867e-03,
       9.9908725219185179e-01 ]
T: !!opencv-matrix
   rows: 3
   cols: 1
   dt: d
   data: [ -9.2288778561256763e+01, 1.3600732211235467e+00,
       -8.3457963663551133e+00 ]
E: !!opencv-matrix
   rows: 3
   cols: 3
   dt: d
   data: [ 6.8638593613730731e-02, 8.3360542805245572e+00,
       1.4168994075439916e+00, -4.4495892399222559e+00,
       -6.3795526197926300e-01, 9.2556280899769476e+01,
       -1.4841410685414256e+00, -9.2285013871529287e+01,
       -5.8479698684160297e-01 ]
F: !!opencv-matrix
   rows: 3
   cols: 3
   dt: d
   data: [ 3.0913454725390812e-07, 3.8208772855068196e-05,
       -3.9815810662188903e-03, -2.0394942120727974e-05,
       -2.9758851741693079e-06, 2.1202859125650392e-01,
       3.2164037966449097e-04, -2.1587011384278146e-01, 1. ]
imageSize: [ 480, 320 ]
R1: !!opencv-matrix
   rows: 3
   cols: 3
   dt: d
   data: [ 9.9871806609569991e-01, -1.6365065188561144e-02,
       4.7899990557819488e-02, 1.6232419054990517e-02,
       9.9986326180889762e-01, 3.1569378351408235e-03,
       -4.7945104293225127e-02, -2.3753581300315742e-03,
       9.9884714778992378e-01 ]
P1: !!opencv-matrix
   rows: 3
   cols: 4
   dt: d
   data: [ 4.7929023018129072e+02, 0., 2.0529391479492188e+02, 0., 0.,
       4.7929023018129072e+02, 1.7915388965606689e+02, 0., 0., 0., 1.,
       0. ]
R2: !!opencv-matrix
   rows: 3
   cols: 3
   dt: d
   data: [ 9.9582874116468112e-01, -1.4675673736263290e-02,
       9.0054110793196362e-02, 1.5022051834337030e-02,
       9.9988213844964702e-01, -3.1697268095809863e-03,
       -8.9996978999592150e-02, 4.5093025788514995e-03,
       9.9593182997693130e-01 ]
P2: !!opencv-matrix
   rows: 3
   cols: 4
   dt: d
   data: [ 4.7929023018129072e+02, 0., 2.0529391479492188e+02,
       -4.4418390523697541e+04, 0., 4.7929023018129072e+02,
       1.7915388965606689e+02, 0., 0., 0., 1., 0. ]
Q: !!opencv-matrix
   rows: 4
   cols: 4
   dt: d
   data: [ 1., 0., 0., -2.0529391479492188e+02, 0., 1., 0.,
       -1.7915388965606689e+02, 0., 0., 0., 4.7929023018129072e+02, 0.,
       0., 1.0790355628162300e-02, 0. ]
roi1: [ 37, 24, 415, 279 ]
roi2: [ 0, 0, 477, 311 ]
