%YAML:1.0
---
R: !!opencv-matrix
   rows: 3
   cols: 3
   dt: d
   data: [ 9.9990446336045757e-01, -1.1114746374207816e-03,
       -1.3777836403643695e-02, 1.1523007772126584e-03,
       9.9999496833054746e-01, 2.9555907203302431e-03,
       1.3774482014000897e-02, -2.9711845647211964e-03,
       9.9990071292480243e-01 ]
T: !!opencv-matrix
   rows: 3
   cols: 1
   dt: d
   data: [ -9.2449827474098925e+01, 1.2896361249471058e+00,
       -6.5250789596120233e+00 ]
R1: !!opencv-matrix
   rows: 3
   cols: 3
   dt: d
   data: [ 9.9828033213474165e-01, -1.5231319787989089e-02,
       5.6607290788962178e-02, 1.5177589750187421e-02,
       9.9988386281844721e-01, 1.3790013181630861e-03,
       -5.6621720587819606e-02, -5.1746765744565323e-04,
       9.9839556939366392e-01 ]
R2: !!opencv-matrix
   rows: 3
   cols: 3
   dt: d
   data: [ 9.9742196302038466e-01, -1.3913615963070594e-02,
       7.0397719958780983e-02, 1.4045794525816788e-02,
       9.9990039664532326e-01, -1.3829116615307704e-03,
       -7.0371466807942096e-02, 2.3681383737548392e-03,
       9.9751804423776791e-01 ]
P1: !!opencv-matrix
   rows: 3
   cols: 4
   dt: d
   data: [ -4.7927945792347546e+03, 0., 5.0256315193176270e+03, 0., 0.,
       -4.7927945792347546e+03, 4.2471721839904785e+02, 0., 0., 0., 1.,
       0. ]
P2: !!opencv-matrix
   rows: 3
   cols: 4
   dt: d
   data: [ -4.7927945792347546e+03, 0., 5.0256315193176270e+03,
       4.4423829472060065e+05, 0., -4.7927945792347546e+03,
       4.2471721839904785e+02, 0., 0., 0., 1., 0. ]
Q: !!opencv-matrix
   rows: 4
   cols: 4
   dt: d
   data: [ 1., 0., 0., -5.0256315193176270e+03, 0., 1., 0.,
       -4.2471721839904785e+02, 0., 0., 0., -4.7927945792347546e+03, 0.,
       0., 1.0788792042903766e-02, 0. ]
