%YAML:1.0
---
M1: !!opencv-matrix
   rows: 3
   cols: 3
   dt: d
   data: [ 4.9872791713450351e+02, 0., 2.2781246081074380e+02, 0.,
       4.9004988238383748e+02, 1.7195210358833674e+02, 0., 0., 1. ]
D1: !!opencv-matrix
   rows: 1
   cols: 14
   dt: d
   data: [ -8.6189421271835864e-01, 1.5869225936059474e+01, 0., 0., 0.,
       0., 0., 9.1481773292344968e+01, 0., 0., 0., 0., 0., 0. ]
M2: !!opencv-matrix
   rows: 3
   cols: 3
   dt: d
   data: [ 4.9872791713450351e+02, 0., 2.5491920163901440e+02, 0.,
       4.9004988238383748e+02, 1.6957154339997930e+02, 0., 0., 1. ]
D2: !!opencv-matrix
   rows: 1
   cols: 14
   dt: d
   data: [ -4.3397661471385857e-01, 3.3166131946776707e+00, 0., 0., 0.,
       0., 0., 9.7245110988520373e+00, 0., 0., 0., 0., 0., 0. ]
