%YAML:1.0
---
cameraMatrix1: !!opencv-matrix
   rows: 3
   cols: 3
   dt: d
   data: [ 7.3884304347165471e+02, 0., 3.5017352797491770e+02, 0.,
       7.3112912317151483e+02, 2.4005900772093989e+02, 0., 0., 1. ]
distCoeffs1: !!opencv-matrix
   rows: 14
   cols: 1
   dt: d
   data: [ -3.6118085222781904e-01, 1.4094292071223013e+01,
       8.3309782647661406e-03, -3.1017216289800091e-03,
       8.3967416158395718e+03, 0., 0., 8.5536280576796162e+03, 0., 0.,
       0., 0., 0., 0. ]
cameraMatrix2: !!opencv-matrix
   rows: 3
   cols: 3
   dt: d
   data: [ 7.3036106671485709e+02, 0., 3.5575432057769513e+02, 0.,
       7.2253090887060876e+02, 2.8347096200257329e+02, 0., 0., 1. ]
distCoeffs2: !!opencv-matrix
   rows: 14
   cols: 1
   dt: d
   data: [ -1.3740011308272945e-01, 7.8056571966055088e+00,
       7.0807972542140966e-03, -9.8022153726011498e-05,
       4.9815880389670247e+03, 0., 0., 5.0655636616957881e+03, 0., 0.,
       0., 0., 0., 0. ]
R: !!opencv-matrix
   rows: 3
   cols: 3
   dt: d
   data: [ 9.9915940898300137e-01, 1.1317230156329409e-02,
       3.9400453580231511e-02, -1.3863684761318808e-02,
       9.9779098569027214e-01, 6.4968816520496034e-02,
       -3.8578150364916235e-02, -6.5460439784833166e-02,
       9.9710915006211742e-01 ]
T: !!opencv-matrix
   rows: 3
   cols: 1
   dt: d
   data: [ -3.1946611838563410e+01, 1.7023479388224760e-01,
       1.2026903241742908e-01 ]
E: !!opencv-matrix
   rows: 3
   cols: 3
   dt: d
   data: [ -4.8999715237458014e-03, -1.3114700087801420e-01,
       1.6192893393870211e-01, -1.1122732598085565e+00,
       -2.0898781482671711e+00, 3.1858997632143243e+01,
       2.7280605967832905e-01, -3.1877967902207683e+01,
       -2.0822408910852301e+00 ]
F: !!opencv-matrix
   rows: 3
   cols: 3
   dt: d
   data: [ 3.2760438656498078e-09, 8.8620419270678504e-08,
       -1.0388437128806443e-04, 7.5160028035626332e-07,
       1.4273013837077021e-06, -1.6453558905501063e-02,
       -3.3188585044132058e-04, 1.5419173010962725e-02, 1. ]
imageSize: [ 640, 480 ]
R1: !!opencv-matrix
   rows: 3
   cols: 3
   dt: d
   data: [ 9.9935724928949787e-01, 6.2465789336335863e-03,
       3.5299696091527839e-02, -7.3970257152856543e-03,
       9.9944257936270631e-01, 3.2554793308938706e-02,
       -3.5076663226363811e-02, -3.2794981452139937e-02,
       9.9884639303971967e-01 ]
P1: !!opencv-matrix
   rows: 3
   cols: 4
   dt: d
   data: [ 5.8276846156801093e+02, 0., 3.3873188781738281e+02, 0., 0.,
       5.8276846156801093e+02, 2.6548591423034668e+02, 0., 0., 0., 1.,
       0. ]
R2: !!opencv-matrix
   rows: 3
   cols: 3
   dt: d
   data: [ 9.9997871657170490e-01, -5.3286142381061422e-03,
       -3.7646080682310484e-03, 5.2027874793491753e-03,
       9.9945239282918208e-01, -3.2677904927749177e-02,
       3.9366744913270531e-03, 3.2657622974180754e-02,
       9.9945884470328528e-01 ]
P2: !!opencv-matrix
   rows: 3
   cols: 4
   dt: d
   data: [ 5.8276846156801093e+02, 0., 3.3873188781738281e+02,
       -1.8617874085658113e+04, 0., 5.8276846156801093e+02,
       2.6548591423034668e+02, 0., 0., 0., 1., 0. ]
Q: !!opencv-matrix
   rows: 4
   cols: 4
   dt: d
   data: [ 1., 0., 0., -3.3873188781738281e+02, 0., 1., 0.,
       -2.6548591423034668e+02, 0., 0., 0., 5.8276846156801093e+02, 0.,
       0., 3.1301557787252104e-02, 0. ]
roi1: [ 0, 0, 0, 0 ]
roi2: [ 0, 0, 0, 0 ]
