%YAML:1.0
---
R: !!opencv-matrix
   rows: 3
   cols: 3
   dt: d
   data: [ 9.9915885982530106e-01, 1.1834326880677102e-02,
       3.9262215167839544e-02, -1.4363764798821793e-02,
       9.9779613742548157e-01, 6.4780787272104984e-02,
       -3.8409049629072760e-02, -6.5290250773533370e-02,
       9.9712683649599998e-01 ]
T: !!opencv-matrix
   rows: 3
   cols: 1
   dt: d
   data: [ -3.1902940163573469e+01, 2.5953179833131546e-01,
       -5.2403343747092335e-01 ]
R1: !!opencv-matrix
   rows: 3
   cols: 3
   dt: d
   data: [ 9.9847708366772991e-01, 2.6443190004618242e-03,
       5.5104636532769695e-02, -4.4419645868960505e-03,
       9.9946103504894213e-01, 3.2525503370525267e-02,
       -5.4988929258475497e-02, -3.2720742594279331e-02,
       9.9795068548655519e-01 ]
R2: !!opencv-matrix
   rows: 3
   cols: 3
   dt: d
   data: [ 9.9983204831086414e-01, -8.1336769650993505e-03,
       1.6423107791430872e-02, 8.6667436330176775e-03,
       9.9942919132844321e-01, -3.2652397697161217e-02,
       -1.6148149284084947e-02, 3.2789248536699414e-02,
       9.9933182800063847e-01 ]
P1: !!opencv-matrix
   rows: 3
   cols: 4
   dt: d
   data: [ 5.8673543967090916e+02, 0., 3.0805531692504883e+02, 0., 0.,
       5.8673543967090916e+02, 2.4893522262573242e+02, 0., 0., 0., 1.,
       0. ]
P2: !!opencv-matrix
   rows: 3
   cols: 4
   dt: d
   data: [ 5.8673543967090916e+02, 0., 3.0805531692504883e+02,
       -1.8721729969840962e+04, 0., 5.8673543967090916e+02,
       2.4893522262573242e+02, 0., 0., 0., 1., 0. ]
Q: !!opencv-matrix
   rows: 4
   cols: 4
   dt: d
   data: [ 1., 0., 0., -3.0805531692504883e+02, 0., 1., 0.,
       -2.4893522262573242e+02, 0., 0., 0., 5.8673543967090916e+02, 0.,
       0., 3.1339808907408007e-02, 0. ]
