%YAML:1.0
---
R: !!opencv-matrix
   rows: 3
   cols: 3
   dt: d
   data: [ 9.9971989827008023e-01, 5.2669394990668729e-03,
       -2.3073455553375741e-02, -4.7848770875447300e-03,
       9.9977016010984365e-01, 2.0898131619707640e-02,
       2.3178221547770356e-02, -2.0781874368081044e-02,
       9.9951532441660540e-01 ]
T: !!opencv-matrix
   rows: 3
   cols: 1
   dt: d
   data: [ -8.3495785425816550e+01, 1.1378311629208906e+00,
       -3.1627084218005739e+00 ]
R1: !!opencv-matrix
   rows: 3
   cols: 3
   dt: d
   data: [ 9.9985326098828331e-01, -9.1371259085978318e-03,
       1.4490321639858576e-02, 8.9882972823721562e-03,
       9.9990652520649248e-01, 1.0302978280180751e-02,
       -1.4583106769815009e-02, -1.0171223112713949e-02,
       9.9984192711514741e-01 ]
R2: !!opencv-matrix
   rows: 3
   cols: 3
   dt: d
   data: [ 9.9919073387854729e-01, -1.3616380143150097e-02,
       3.7848005535925787e-02, 1.4014501506323235e-02,
       9.9984901189902420e-01, -1.0273614362742729e-02,
       -3.7702401498836982e-02, 1.0795721205288643e-02,
       9.9923069474715320e-01 ]
P1: !!opencv-matrix
   rows: 3
   cols: 4
   dt: d
   data: [ 4.2728209482336513e+02, 0., 3.1803503799438477e+02, 0., 0.,
       4.2728209482336513e+02, 2.4293242263793945e+02, 0., 0., 0., 1.,
       0. ]
P2: !!opencv-matrix
   rows: 3
   cols: 4
   dt: d
   data: [ 4.2728209482336513e+02, 0., 3.1803503799438477e+02,
       -3.5705149073171437e+04, 0., 4.2728209482336513e+02,
       2.4293242263793945e+02, 0., 0., 0., 1., 0. ]
Q: !!opencv-matrix
   rows: 4
   cols: 4
   dt: d
   data: [ 1., 0., 0., -3.1803503799438477e+02, 0., 1., 0.,
       -2.4293242263793945e+02, 0., 0., 0., 4.2728209482336513e+02, 0.,
       0., 1.1966960114008360e-02, 0. ]
