%YAML:1.0
---
M1: !!opencv-matrix
   rows: 3
   cols: 3
   dt: d
   data: [ 5.3587354860191340e+02, 0., 3.4227923350055607e+02, 0.,
       5.3582959114768857e+02, 2.3552733777154930e+02, 0., 0., 1. ]
D1: !!opencv-matrix
   rows: 14
   cols: 1
   dt: d
   data: [ -2.6527284048553496e-01, -5.0649858552501301e-02,
       1.7938544410155688e-03, -2.9837365733052134e-04, 0., 0., 0.,
       -2.8946187046668559e-01, 0., 0., 0., 0., 0., 0. ]
M2: !!opencv-matrix
   rows: 3
   cols: 3
   dt: d
   data: [ 5.4212540350989980e+02, 0., 3.2836393641489241e+02, 0.,
       5.4139445478433606e+02, 2.4702643858665874e+02, 0., 0., 1. ]
D2: !!opencv-matrix
   rows: 14
   cols: 1
   dt: d
   data: [ -2.8161462874131632e-01, 1.0870706808032646e-01,
       -5.5950729919615417e-04, 1.2531545062007298e-03, 0., 0., 0.,
       3.2892703906162175e-02, 0., 0., 0., 0., 0., 0. ]
