%YAML:1.0
---
M1: !!opencv-matrix
   rows: 3
   cols: 3
   dt: d
   data: [ 7.3462001913787799e+02, 0., 3.5158475983161929e+02, 0.,
       7.2624010426296138e+02, 2.3391173898261181e+02, 0., 0., 1. ]
D1: !!opencv-matrix
   rows: 14
   cols: 1
   dt: d
   data: [ 1.8251660267392447e-01, -2.7709407769033048e+00,
       6.0932243116046080e-03, -2.8237563217533481e-03,
       8.2710376011920062e+00, 0., 0., 0., 0., 0., 0., 0., 0., 0. ]
M2: !!opencv-matrix
   rows: 3
   cols: 3
   dt: d
   data: [ 7.2858802895649933e+02, 0., 3.5696496753128906e+02, 0.,
       7.2010471742458776e+02, 2.7586052644929288e+02, 0., 0., 1. ]
D2: !!opencv-matrix
   rows: 14
   cols: 1
   dt: d
   data: [ 2.6522903316158658e-01, -4.1905991995130893e+00,
       4.6319380482303784e-03, 4.5531982478582941e-04,
       1.5426557040292369e+01, 0., 0., 0., 0., 0., 0., 0., 0., 0. ]
