%YAML:1.0
---
cameraMatrix1: !!opencv-matrix
   rows: 3
   cols: 3
   dt: d
   data: [ 4.0455512439249378e+02, 0., 3.3542386855979203e+02, 0.,
       4.0764948962517451e+02, 2.3540823016875694e+02, 0., 0., 1. ]
distCoeffs1: !!opencv-matrix
   rows: 14
   cols: 1
   dt: d
   data: [ 1.6578712534252311e-02, 7.5368578420270574e-02,
       3.8115208532390420e-03, 1.3181812634117137e-03, 0., 0., 0.,
       1.5494549591109180e-01, 0., 0., 0., 0., 0., 0. ]
cameraMatrix2: !!opencv-matrix
   rows: 3
   cols: 3
   dt: d
   data: [ 3.9949978332661925e+02, 0., 3.4204275091117506e+02, 0.,
       4.0272749021963938e+02, 2.3504618908098035e+02, 0., 0., 1. ]
distCoeffs2: !!opencv-matrix
   rows: 14
   cols: 1
   dt: d
   data: [ 2.3717399532020358e-02, 2.6120991573891318e-03,
       4.4008477782718058e-03, -1.0069805507370217e-03, 0., 0., 0.,
       5.3760508122442929e-02, 0., 0., 0., 0., 0., 0. ]
R: !!opencv-matrix
   rows: 3
   cols: 3
   dt: d
   data: [ 9.9982530968001748e-01, -1.8419866167982875e-03,
       1.8599924961160280e-02, 1.9624889533226258e-03,
       9.9997719227726367e-01, -6.4624733955741505e-03,
       -1.8587596949722791e-02, 6.4978466112977024e-03,
       9.9980612081995712e-01 ]
T: !!opencv-matrix
   rows: 3
   cols: 1
   dt: d
   data: [ -1.6948613839166507e+02, -5.0501344868824196e+00,
       2.2882095223720391e+01 ]
imageSize: [ 640, 480 ]
R1: !!opencv-matrix
   rows: 3
   cols: 3
   dt: d
   data: [ 9.9294800426195917e-01, 2.6821671694111288e-02,
       -1.1547665893904856e-01, -2.7408697760701702e-02,
       9.9961818943436975e-01, -3.4983766256228765e-03,
       1.1533873642126716e-01, 6.6387709318449454e-03,
       9.9330403331571138e-01 ]
P1: !!opencv-matrix
   rows: 3
   cols: 4
   dt: d
   data: [ 2.5734216403380140e+02, 0., 4.7700497817993164e+02, 0., 0.,
       2.5734216403380140e+02, 2.3760873794555664e+02, 0., 0., 0., 1.,
       0. ]
R2: !!opencv-matrix
   rows: 3
   cols: 3
   dt: d
   data: [ 9.9057728350603691e-01, 2.9515974278650266e-02,
       -1.3373650460581915e-01, -2.9310262596087655e-02,
       9.9956420931915346e-01, 3.5071291284667462e-03,
       1.3378173981657068e-01, 4.4576962369796691e-04,
       9.9101072011411362e-01 ]
P2: !!opencv-matrix
   rows: 3
   cols: 4
   dt: d
   data: [ 2.5734216403380140e+02, 0., 4.4487760925292969e+02,
       -4.4030819557127077e+04, 0., 2.5734216403380140e+02,
       2.3760873794555664e+02, 0., 0., 0., 1., 0. ]
Q: !!opencv-matrix
   rows: 4
   cols: 4
   dt: d
   data: [ 1., 0., 0., -4.7700497817993164e+02, 0., 1., 0.,
       -2.3760873794555664e+02, 0., 0., 0., 2.5734216403380140e+02, 0.,
       0., 5.8445917342037426e-03, -1.8777135487246976e-01 ]
roi1: [ 207, 92, 418, 286 ]
roi2: [ 159, 93, 427, 285 ]
