%YAML:1.0
---
cameraMatrix1: !!opencv-matrix
   rows: 3
   cols: 3
   dt: d
   data: [ 3.4451870513486369e+02, 0., 3.7859260711497052e+02, 0.,
       3.4717352459457601e+02, 2.3197737416859169e+02, 0., 0., 1. ]
distCoeffs1: !!opencv-matrix
   rows: 5
   cols: 1
   dt: d
   data: [ -2.8295495739863347e-01, 7.0043149519046097e-02,
       -2.3924386377268165e-04, -2.3688206973251805e-03, 0. ]
cameraMatrix2: !!opencv-matrix
   rows: 3
   cols: 3
   dt: d
   data: [ 3.5334795351643646e+02, 0., 3.4999751884985523e+02, 0.,
       3.5387855196291588e+02, 2.3693267262634961e+02, 0., 0., 1. ]
distCoeffs2: !!opencv-matrix
   rows: 5
   cols: 1
   dt: d
   data: [ -3.1603771614545334e-01, 9.6497517236206656e-02,
       1.6864477947024638e-03, 2.9113721566217964e-03, 0. ]
R: !!opencv-matrix
   rows: 3
   cols: 3
   dt: d
   data: [ 9.9857940427731606e-01, 1.3207438155554828e-03,
       5.3267522834595876e-02, -1.1123668900440192e-03,
       9.9999161415581594e-01, -3.9413522993660428e-03,
       -5.3272281658123630e-02, 3.8765002024321038e-03,
       9.9857249949771698e-01 ]
T: !!opencv-matrix
   rows: 3
   cols: 1
   dt: d
   data: [ -1.1112314692611453e+02, 5.1049647155316658e-01,
       1.0562972352493897e+01 ]
E: !!opencv-matrix
   rows: 3
   cols: 3
   dt: d
   data: [ -1.5445411112693992e-02, -1.0560904833378313e+01,
       5.5140013295325252e-01, 4.6281830573660887e+00,
       4.4471988196241524e-01, 1.1152718194904990e+02,
       -3.8616155309112621e-01, -1.1112288929977684e+02,
       4.1078258819459318e-01 ]
F: !!opencv-matrix
   rows: 3
   cols: 3
   dt: d
   data: [ 3.5908622381531247e-08, 2.4365010804927301e-05,
       -6.1073766885337780e-03, -1.0743805523863709e-05,
       -1.0244726384859298e-06, -8.4889950679807272e-02,
       2.8502181688639452e-03, 8.2303228166647965e-02, 1. ]
imageSize: [ 752, 480 ]
R1: !!opencv-matrix
   rows: 3
   cols: 3
   dt: d
   data: [ 9.9913409109305884e-01, -3.6252947963634451e-03,
       -4.1447861866282923e-02, 3.5515352939184041e-03,
       9.9999197633521308e-01, -1.8530683340663994e-03,
       4.1454247221521953e-02, 1.7042602014152009e-03,
       9.9913894973845485e-01 ]
P1: !!opencv-matrix
   rows: 3
   cols: 4
   dt: d
   data: [ 2.2947628961558871e+02, 0., 4.2997986984252930e+02, 0., 0.,
       2.2947628961558871e+02, 2.3290660095214844e+02, 0., 0., 0., 1.,
       0. ]
R2: !!opencv-matrix
   rows: 3
   cols: 3
   dt: d
   data: [ 9.9550211246277520e-01, -4.5733074511818007e-03,
       -9.4628901193603399e-02, 4.7685148566217498e-03,
       9.9998694354318374e-01, 1.8368476321086802e-03,
       9.4619265206478773e-02, -2.2798250192439286e-03,
       9.9551092261695828e-01 ]
P2: !!opencv-matrix
   rows: 3
   cols: 4
   dt: d
   data: [ 2.2947628961558871e+02, 0., 4.2997986984252930e+02,
       -2.5615342376248544e+04, 0., 2.2947628961558871e+02,
       2.3290660095214844e+02, 0., 0., 0., 1., 0. ]
Q: !!opencv-matrix
   rows: 4
   cols: 4
   dt: d
   data: [ 1., 0., 0., -4.2997986984252930e+02, 0., 1., 0.,
       -2.3290660095214844e+02, 0., 0., 0., 2.2947628961558871e+02, 0.,
       0., 8.9585486012620039e-03, 0. ]
roi1: [ 63, 53, 677, 378 ]
roi2: [ 66, 55, 638, 363 ]
