%YAML:1.0
---
cameraMatrix1: !!opencv-matrix
   rows: 3
   cols: 3
   dt: d
   data: [ 3.4297185349013381e+02, 0., 3.7076313094578927e+02, 0.,
       3.4494525792895206e+02, 2.3057670190012936e+02, 0., 0., 1. ]
distCoeffs1: !!opencv-matrix
   rows: 14
   cols: 1
   dt: d
   data: [ -2.9349916760774847e-01, 6.3134950222708458e-02,
       8.7813007806341356e-04, -9.7176091101879285e-04,
       -1.0263015537873992e-01, 0., 0., -1.5005817163398555e-01, 0., 0.,
       0., 0., 0., 0. ]
cameraMatrix2: !!opencv-matrix
   rows: 3
   cols: 3
   dt: d
   data: [ 3.5319830723095583e+02, 0., 3.4773864463742683e+02, 0.,
       3.5343189978168704e+02, 2.3513488351036193e+02, 0., 0., 1. ]
distCoeffs2: !!opencv-matrix
   rows: 14
   cols: 1
   dt: d
   data: [ -2.0823685652368579e-01, -4.3011475871368937e-01,
       1.9452526279619387e-03, 3.6365299466970735e-03,
       -1.8487196868560116e+00, 0., 0., -2.8827052846105676e+00, 0., 0.,
       0., 0., 0., 0. ]
R: !!opencv-matrix
   rows: 3
   cols: 3
   dt: d
   data: [ 9.9963832200671709e-01, 3.0490449484828195e-03,
       -2.6719440497455543e-02, -2.7605126685692400e-03,
       9.9993755604623913e-01, 1.0828830873227896e-02,
       2.6750789622020595e-02, -1.0751154969417765e-02,
       9.9958431756476751e-01 ]
T: !!opencv-matrix
   rows: 3
   cols: 1
   dt: d
   data: [ -1.1290652485014795e+02, 6.6391039574977062e-01,
       1.3567342035615275e+00 ]
E: !!opencv-matrix
   rows: 3
   cols: 3
   dt: d
   data: [ 2.1505409281387347e-02, -1.3637872872641676e+00,
       6.4894257462939786e-01, 4.3765821958771127e+00,
       -1.2097388021525552e+00, 1.1282334041212168e+02,
       -3.5199038175715502e-01, -1.1290149881296931e+02,
       -1.2049063477712767e+00 ]
F: !!opencv-matrix
   rows: 3
   cols: 3
   dt: d
   data: [ 1.7890080375562215e-06, -1.1309322681719743e-04,
       4.4482985584839381e-02, 3.6293182051532310e-04,
       -1.0000159964620443e-04, 3.1495766267347913e+00,
       -9.5345981008237643e-02, -3.1950155218171399e+00, 1. ]
imageSize: [ 752, 480 ]
R1: !!opencv-matrix
   rows: 3
   cols: 3
   dt: d
   data: [ 9.9924369116885881e-01, -2.7013329682886635e-03,
       -3.8791087371055244e-02, 2.9109151947282405e-03,
       9.9998146587022951e-01, 5.3473814859247926e-03,
       3.8775923354106040e-02, -5.4562547797319368e-03,
       9.9923303440779787e-01 ]
P1: !!opencv-matrix
   rows: 3
   cols: 4
   dt: d
   data: [ 2.1553778493918017e+02, 0., 3.8691024780273438e+02, 0., 0.,
       2.1553778493918017e+02, 2.3299742507934570e+02, 0., 0., 0., 1.,
       0. ]
R2: !!opencv-matrix
   rows: 3
   cols: 3
   dt: d
   data: [ 9.9991052638103761e-01, -5.8796512793664671e-03,
       -1.2015362384440498e-02, 5.8159717764191994e-03,
       9.9996889334526662e-01, -5.3279277527662717e-03,
       1.2046314983939243e-02, 5.2575700352773111e-03,
       9.9991361839542514e-01 ]
P2: !!opencv-matrix
   rows: 3
   cols: 4
   dt: d
   data: [ 2.1553778493918017e+02, 0., 3.8691024780273438e+02,
       -2.4337799862412670e+04, 0., 2.1553778493918017e+02,
       2.3299742507934570e+02, 0., 0., 0., 1., 0. ]
Q: !!opencv-matrix
   rows: 4
   cols: 4
   dt: d
   data: [ 1., 0., 0., -3.8691024780273438e+02, 0., 1., 0.,
       -2.3299742507934570e+02, 0., 0., 0., 2.1553778493918017e+02, 0.,
       0., 8.8560916006239759e-03, 0. ]
roi1: [ 40, 65, 664, 360 ]
roi2: [ 81, 61, 638, 348 ]
