%YAML:1.0
---
cameraMatrix1: !!opencv-matrix
   rows: 3
   cols: 3
   dt: d
   data: [ 7.9286653916290868e+02, 0., 3.2151089805025180e+02, 0.,
       7.8077610900908019e+02, 2.3910327630698575e+02, 0., 0., 1. ]
distCoeffs1: !!opencv-matrix
   rows: 1
   cols: 14
   dt: d
   data: [ -3.6362001836746628e-02, -1.2443276211705441e+00, 0., 0., 0.,
       0., 0., -5.7643676639634363e+00, 0., 0., 0., 0., 0., 0. ]
cameraMatrix2: !!opencv-matrix
   rows: 3
   cols: 3
   dt: d
   data: [ 7.9286653916290868e+02, 0., 3.1775190676252760e+02, 0.,
       7.8077610900908019e+02, 2.4466710293303643e+02, 0., 0., 1. ]
distCoeffs2: !!opencv-matrix
   rows: 1
   cols: 14
   dt: d
   data: [ 1.1927959006807626e-01, -1.0026182269112536e+00, 0., 0., 0.,
       0., 0., 8.7275147309511318e+00, 0., 0., 0., 0., 0., 0. ]
R: !!opencv-matrix
   rows: 3
   cols: 3
   dt: d
   data: [ 9.9907641281198512e-01, 1.1954472010749369e-02,
       4.1272411629078243e-02, -1.4185469717885224e-02,
       9.9842972293191956e-01, 5.4192811469540851e-02,
       -4.0559756059656282e-02, -5.4728228228533467e-02,
       9.9767716583238819e-01 ]
T: !!opencv-matrix
   rows: 3
   cols: 1
   dt: d
   data: [ -3.1706328355434746e+01, -1.7204521924897395e-01,
       5.6631579570964439e+00 ]
E: !!opencv-matrix
   rows: 3
   cols: 3
   dt: d
   data: [ 8.7312667831960830e-02, -5.6448494999988119e+00,
       -4.7854803822648584e-01, 4.3719265933197686e+00,
       -1.6675311112344930e+00, 3.1866411998926996e+01,
       6.2165548124006165e-01, -3.1654483925347083e+01,
       -1.7111543538497738e+00 ]
F: !!opencv-matrix
   rows: 3
   cols: 3
   dt: d
   data: [ -5.9190804762434639e-08, 3.8860011792285988e-06,
       -6.5290637886977157e-04, -3.0097014804637514e-06,
       1.1657302867972182e-06, -1.6704451380571490e-02,
       4.2104418292384673e-04, 1.5757698236904791e-02, 1. ]
imageSize: [ 640, 480 ]
R1: !!opencv-matrix
   rows: 3
   cols: 3
   dt: d
   data: [ 9.9055304108309317e-01, 2.6724004809664331e-02,
       -1.3450093073272443e-01, -2.3317833347314888e-02,
       9.9936783547797758e-01, 2.6836692420058834e-02,
       1.3513308791344528e-01, -2.3446897001416452e-02,
       9.9054999448386349e-01 ]
P1: !!opencv-matrix
   rows: 3
   cols: 4
   dt: d
   data: [ 7.8077610900908019e+02, 0., -1.8341414966583252e+03, 0., 0.,
       7.8077610900908019e+02, 4.5792965507507324e+02, 0., 0., 0., 1.,
       0. ]
R2: !!opencv-matrix
   rows: 3
   cols: 3
   dt: d
   data: [ 9.8440647257511715e-01, 5.3415969678263136e-03,
       -1.7582765452012483e-01, -1.0241767461195546e-02,
       9.9958368131497077e-01, -2.6973510117923968e-02,
       1.7561037256234566e-01, 2.8353683898997322e-02,
       9.8405135316093628e-01 ]
P2: !!opencv-matrix
   rows: 3
   cols: 4
   dt: d
   data: [ 7.8077610900908019e+02, 0., -1.8341414966583252e+03,
       -2.5147684796872953e+04, 0., 7.8077610900908019e+02,
       4.5792965507507324e+02, 0., 0., 0., 1., 0. ]
Q: !!opencv-matrix
   rows: 4
   cols: 4
   dt: d
   data: [ 1., 0., 0., 1.8341414966583252e+03, 0., 1., 0.,
       -4.5792965507507324e+02, 0., 0., 0., 7.8077610900908019e+02, 0.,
       0., 3.1047633820595985e-02, 0. ]
roi1: [ 0, 0, 0, 0 ]
roi2: [ 0, 0, 0, 0 ]
