%YAML:1.0
---
cameraMatrix1: !!opencv-matrix
   rows: 3
   cols: 3
   dt: d
   data: [ 7.9391721709042849e+02, 0., 3.2150720218739730e+02, 0.,
       7.8181076513788696e+02, 2.3909985882361673e+02, 0., 0., 1. ]
distCoeffs1: !!opencv-matrix
   rows: 1
   cols: 14
   dt: d
   data: [ -7.6073775862537149e-02, -3.5045651477923401e-01, 0., 0., 0.,
       0., 0., 0., 0., 0., 0., 0., 0., 0. ]
cameraMatrix2: !!opencv-matrix
   rows: 3
   cols: 3
   dt: d
   data: [ 7.9391721709042849e+02, 0., 3.1771302780944637e+02, 0.,
       7.8181076513788696e+02, 2.4464593246991890e+02, 0., 0., 1. ]
distCoeffs2: !!opencv-matrix
   rows: 1
   cols: 14
   dt: d
   data: [ 1.6794345184480841e-01, -2.2130758885564332e+00, 0., 0., 0.,
       0., 0., 0., 0., 0., 0., 0., 0., 0. ]
R: !!opencv-matrix
   rows: 3
   cols: 3
   dt: d
   data: [ 9.9907651989072799e-01, 1.1947902653181153e-02,
       4.1271721859184575e-02, -1.4180572777617610e-02,
       9.9842751389945272e-01, 5.4234775230074243e-02,
       -4.0558830835349259e-02, -5.4769947149400207e-02,
       9.9767491405293007e-01 ]
T: !!opencv-matrix
   rows: 3
   cols: 1
   dt: d
   data: [ -3.1698450293774261e+01, -2.2425164990434363e-01,
       6.3758867870117903e+00 ]
E: !!opencv-matrix
   rows: 3
   cols: 3
   dt: d
   data: [ 9.9509111338089443e-02, -6.3535785426471243e+00,
       -5.6952503233052854e-01, 5.0843466991770967e+00,
       -1.6599439726489849e+00, 3.1887892498531514e+01,
       6.7354673929474573e-01, -3.1645925584395542e+01,
       -1.7099030751032125e+00 ]
F: !!opencv-matrix
   rows: 3
   cols: 3
   dt: d
   data: [ -6.7728551989278958e-08, 4.3913789926439229e-06,
       -7.2045364602133053e-04, -3.5141287915490911e-06,
       1.1650632967960627e-06, -1.6646553034567815e-02,
       5.1727702931477458e-04, 1.5684803758950337e-02, 1. ]
imageSize: [ 640, 480 ]
R1: !!opencv-matrix
   rows: 3
   cols: 3
   dt: d
   data: [ 9.8733524903030467e-01, 2.9437529452947114e-02,
       -1.5589271272889246e-01, -2.5561510119132096e-02,
       9.9931367036049679e-01, 2.6810397816184779e-02,
       1.5657495081492323e-01, -2.2485997650525780e-02,
       9.8741007929176250e-01 ]
P1: !!opencv-matrix
   rows: 3
   cols: 4
   dt: d
   data: [ 7.8181076513788696e+02, 0., 5.0938018798828125e+01, 0., 0.,
       7.8181076513788696e+02, -2.7815086174011230e+02, 0., 0., 0., 1.,
       0. ]
R2: !!opencv-matrix
   rows: 3
   cols: 3
   dt: d
   data: [ 9.8034122062327567e-01, 6.9354537574093187e-03,
       -1.9718770404881883e-01, -1.2491690837910487e-02,
       9.9955879625770794e-01, -2.6947550609510627e-02,
       1.9691381060473079e-01, 2.8881002493350395e-02,
       9.7999532595217165e-01 ]
P2: !!opencv-matrix
   rows: 3
   cols: 4
   dt: d
   data: [ 7.8181076513788696e+02, 0., 5.0938018798828125e+01,
       -2.5279146848589160e+04, 0., 7.8181076513788696e+02,
       -2.7815086174011230e+02, 0., 0., 0., 1., 0. ]
Q: !!opencv-matrix
   rows: 4
   cols: 4
   dt: d
   data: [ 1., 0., 0., -5.0938018798828125e+01, 0., 1., 0.,
       2.7815086174011230e+02, 0., 0., 0., 7.8181076513788696e+02, 0.,
       0., 3.0927102477808509e-02, 0. ]
roi1: [ 0, 0, 0, 0 ]
roi2: [ 0, 0, 0, 0 ]
