%YAML:1.0
---
R: !!opencv-matrix
   rows: 3
   cols: 3
   dt: d
   data: [ 9.9907641281198512e-01, 1.1954472010749369e-02,
       4.1272411629078243e-02, -1.4185469717885224e-02,
       9.9842972293191956e-01, 5.4192811469540851e-02,
       -4.0559756059656282e-02, -5.4728228228533467e-02,
       9.9767716583238819e-01 ]
T: !!opencv-matrix
   rows: 3
   cols: 1
   dt: d
   data: [ -3.1706328355434746e+01, -1.7204521924897395e-01,
       5.6631579570964439e+00 ]
R1: !!opencv-matrix
   rows: 3
   cols: 3
   dt: d
   data: [ 9.9055304108309317e-01, 2.6724004809664331e-02,
       -1.3450093073272443e-01, -2.3317833347314888e-02,
       9.9936783547797758e-01, 2.6836692420058834e-02,
       1.3513308791344528e-01, -2.3446897001416452e-02,
       9.9054999448386349e-01 ]
R2: !!opencv-matrix
   rows: 3
   cols: 3
   dt: d
   data: [ 9.8440647257511715e-01, 5.3415969678263136e-03,
       -1.7582765452012483e-01, -1.0241767461195546e-02,
       9.9958368131497077e-01, -2.6973510117923968e-02,
       1.7561037256234566e-01, 2.8353683898997322e-02,
       9.8405135316093628e-01 ]
P1: !!opencv-matrix
   rows: 3
   cols: 4
   dt: d
   data: [ -3.1567762907343604e+03, 0., -1.8341414966583252e+03, 0., 0.,
       -3.1567762907343604e+03, 4.5792965507507324e+02, 0., 0., 0., 1.,
       0. ]
P2: !!opencv-matrix
   rows: 3
   cols: 4
   dt: d
   data: [ -3.1567762907343604e+03, 0., -1.8341414966583252e+03,
       1.0167526159884874e+05, 0., -3.1567762907343604e+03,
       4.5792965507507324e+02, 0., 0., 0., 1., 0. ]
Q: !!opencv-matrix
   rows: 4
   cols: 4
   dt: d
   data: [ 1., 0., 0., 1.8341414966583252e+03, 0., 1., 0.,
       -4.5792965507507324e+02, 0., 0., 0., -3.1567762907343604e+03, 0.,
       0., 3.1047633820595985e-02, 0. ]
