%YAML:1.0
---
M1: !!opencv-matrix
   rows: 3
   cols: 3
   dt: d
   data: [ 7.9286653916290868e+02, 0., 3.2151089805025180e+02, 0.,
       7.8077610900908019e+02, 2.3910327630698575e+02, 0., 0., 1. ]
D1: !!opencv-matrix
   rows: 1
   cols: 14
   dt: d
   data: [ -3.6362001836746628e-02, -1.2443276211705441e+00, 0., 0., 0.,
       0., 0., -5.7643676639634363e+00, 0., 0., 0., 0., 0., 0. ]
M2: !!opencv-matrix
   rows: 3
   cols: 3
   dt: d
   data: [ 7.9286653916290868e+02, 0., 3.1775190676252760e+02, 0.,
       7.8077610900908019e+02, 2.4466710293303643e+02, 0., 0., 1. ]
D2: !!opencv-matrix
   rows: 1
   cols: 14
   dt: d
   data: [ 1.1927959006807626e-01, -1.0026182269112536e+00, 0., 0., 0.,
       0., 0., 8.7275147309511318e+00, 0., 0., 0., 0., 0., 0. ]
