%YAML:1.0
---
calibration_time: "Wed Feb 27 15:34:13 2019"
nframes: 13
image_width: 640
image_height: 480
board_width: 9
board_height: 6
square_size: 2.5000000372529030e-02
aspectRatio: 1.
flags: 2
camera_matrix: !!opencv-matrix
   rows: 3
   cols: 3
   dt: d
   data: [ 5.3591573396162744e+02, 0., 3.4228315473310329e+02, 0.,
       5.3591573396162744e+02, 2.3557082909786806e+02, 0., 0., 1. ]
distortion_coefficients: !!opencv-matrix
   rows: 5
   cols: 1
   dt: d
   data: [ -2.6637260909652649e-01, -3.8588898922696825e-02,
       1.7831947042844694e-03, -2.8122100440862376e-04,
       2.3839153080913375e-01 ]
avg_reprojection_error: 3.9259098975581364e-01
per_view_reprojection_errors: !!opencv-matrix
   rows: 13
   cols: 1
   dt: f
   data: [ 1.92965463e-01, 1.18204820e+00, 1.73180386e-01,
       1.93417311e-01, 1.59574091e-01, 1.79683909e-01, 2.30989486e-01,
       2.41952404e-01, 2.96267658e-01, 1.67184874e-01, 2.02002615e-01,
       3.81039530e-01, 1.74401343e-01 ]
extrinsic_parameters: !!opencv-matrix
   rows: 13
   cols: 6
   dt: d
   data: [ 1.6866673097721083e-01, 2.7567195383685927e-01,
       1.3463666677615926e-02, -7.5217911266933127e-02,
       -1.0895943925990800e-01, 3.9970206949907039e-01,
       4.1331287656496546e-01, 6.4989015618427348e-01,
       -1.3371537960145068e+00, -5.8571677080560360e-02,
       8.2925805670245670e-02, 3.5381014833230062e-01,
       -2.7703695013797702e-01, 1.8693309320097101e-01,
       3.5485225341087212e-01, -3.9846501015664608e-02,
       -1.0041611109509632e-01, 3.1815947023777108e-01,
       -1.1090615673111121e-01, 2.3965970843398998e-01,
       -2.1135637810835487e-03, -9.8410654744240864e-02,
       -6.7330010965865481e-02, 3.3085237266886797e-01,
       -2.9186914919270684e-01, 4.2838824536928399e-01,
       1.3127376448141272e+00, 5.8492717894556630e-02,
       -1.1531702553210958e-01, 3.1718597226747824e-01,
       4.0775746983979799e-01, 3.0372749654557546e-01,
       1.6490540383167112e+00, 1.6727077792570183e-01,
       -6.5571043573566121e-02, 3.3646131272177993e-01,
       1.7933504280044998e-01, 3.4558984092172540e-01,
       1.8685292421609057e+00, 1.9533408668682951e-02,
       -7.1821904367266334e-02, 3.8942937075181239e-01,
       -9.0969163793976529e-02, 4.7978599772080194e-01,
       1.7534054022831809e+00, 7.9050417654108862e-02,
       -8.7941963150591260e-02, 3.1666076957686318e-01,
       2.0297932232459392e-01, -4.2392077549832985e-01,
       1.3241327935811406e-01, -6.6346241810542952e-02,
       -8.1019305580937423e-02, 2.7830224494208733e-01,
       -4.1905731583844591e-01, -4.9969284527937735e-01,
       1.3355787183928041e+00, 4.6902734761571127e-02,
       -1.1100626108195177e-01, 3.3805630488128624e-01,
       -2.3853178487350868e-01, 3.4785724405058926e-01,
       1.5307655926865691e+00, 5.0764487316269612e-02,
       -1.0259706994504564e-01, 3.2220131320183837e-01,
       4.6395663682199784e-01, -2.8347019688902653e-01,
       1.2385662249906189e+00, 3.3699309698403949e-02,
       -9.1617248179864511e-02, 2.9144614839684024e-01,
       -1.6997848268739429e-01, -4.7116903885246353e-01,
       1.3459942250907631e+00, 4.5015523494584778e-02,
       -1.0817857239599221e-01, 3.1243767202760042e-01 ]
image_points: !!opencv-matrix
   rows: 13
   cols: 54
   dt: "2f"
   data: [ 2.44405670e+02, 9.41366806e+01, 2.74396088e+02,
       9.22100906e+01, 3.05502594e+02, 9.03100586e+01, 3.38305023e+02,
       8.87956009e+01, 3.71721466e+02, 8.78836594e+01, 4.06455719e+02,
       8.67118835e+01, 4.41636200e+02, 8.62466965e+01, 4.77623291e+02,
       8.62217560e+01, 5.13767822e+02, 8.65303192e+01, 2.44893936e+02,
       1.26181046e+02, 2.74704620e+02, 1.24873398e+02, 3.06057220e+02,
       1.23979919e+02, 3.38623779e+02, 1.23085983e+02, 3.72249542e+02,
       1.22286491e+02, 4.06671326e+02, 1.22142586e+02, 4.42097015e+02,
       1.22085098e+02, 4.78008087e+02, 1.22238266e+02, 5.14272583e+02,
       1.22783127e+02, 2.45354797e+02, 1.58276627e+02, 2.75250854e+02,
       1.58048584e+02, 3.06546570e+02, 1.57648834e+02, 3.38891785e+02,
       1.57397812e+02, 3.72387268e+02, 1.57420120e+02, 4.06800232e+02,
       1.57495026e+02, 4.42113190e+02, 1.57883987e+02, 4.77914093e+02,
       1.58322647e+02, 5.13887146e+02, 1.59372375e+02, 2.46349136e+02,
       1.90388916e+02, 2.75859741e+02, 1.90522964e+02, 3.07082947e+02,
       1.91064972e+02, 3.39263794e+02, 1.91560181e+02, 3.72576019e+02,
       1.92044327e+02, 4.06767487e+02, 1.92521332e+02, 4.41712402e+02,
       1.93620926e+02, 4.77409149e+02, 1.94334564e+02, 5.13077637e+02,
       1.95624191e+02, 2.47350754e+02, 2.22271927e+02, 2.76916626e+02,
       2.23403320e+02, 3.07566559e+02, 2.24259003e+02, 3.39553436e+02,
       2.25400284e+02, 3.72705658e+02, 2.26322830e+02, 4.06592896e+02,
       2.27646729e+02, 4.41250336e+02, 2.28630905e+02, 4.76691223e+02,
       2.30029556e+02, 5.11917908e+02, 2.31577850e+02, 2.48924118e+02,
       2.53592163e+02, 2.77595367e+02, 2.55094910e+02, 3.08492584e+02,
       2.56515228e+02, 3.40014648e+02, 2.58242188e+02, 3.72683990e+02,
       2.59908356e+02, 4.06221436e+02, 2.61701294e+02, 4.40502106e+02,
       2.63232819e+02, 4.75321808e+02, 2.64625092e+02, 5.10364929e+02,
       2.66202515e+02, 2.56438416e+02, 3.62335632e+02, 2.55237549e+02,
       3.34424438e+02, 2.54305267e+02, 3.08908417e+02, 2.53285324e+02,
       2.80396210e+02, 2.52632645e+02, 2.48559570e+02, 2.51751678e+02,
       2.12814545e+02, 2.51259506e+02, 1.72682373e+02, 2.51095459e+02,
       1.27983505e+02, 2.51463165e+02, 7.81900940e+01, 2.91015137e+02,
       3.69226959e+02, 2.92614044e+02, 3.43450134e+02, 2.93632965e+02,
       3.18090576e+02, 2.95141296e+02, 2.89763519e+02, 2.96853302e+02,
       2.58062897e+02, 2.98762482e+02, 2.22360321e+02, 3.01109711e+02,
       1.82124344e+02, 3.03762482e+02, 1.36982285e+02, 3.07057343e+02,
       8.67120438e+01, 3.27583435e+02, 3.77661133e+02, 3.30838654e+02,
       3.52218933e+02, 3.34245605e+02, 3.27160858e+02, 3.38061584e+02,
       2.99222717e+02, 3.42266541e+02, 2.67763641e+02, 3.47086670e+02,
       2.32245316e+02, 3.52377838e+02, 1.92209793e+02, 3.58425873e+02,
       1.46961563e+02, 3.65127014e+02, 9.67773743e+01, 3.63314178e+02,
       3.86136749e+02, 3.69524048e+02, 3.60486084e+02, 3.75276794e+02,
       3.36097015e+02, 3.81592224e+02, 3.08356354e+02, 3.88453583e+02,
       2.77457062e+02, 3.96135986e+02, 2.42338501e+02, 4.04605469e+02,
       2.02723602e+02, 4.13966675e+02, 1.57759872e+02, 4.24129974e+02,
       1.07841232e+02, 4.01030426e+02, 3.91367462e+02, 4.08463379e+02,
       3.68606415e+02, 4.16432281e+02, 3.44544006e+02, 4.25239075e+02,
       3.17361603e+02, 4.34802765e+02, 2.86784515e+02, 4.45283203e+02,
       2.52392487e+02, 4.56842773e+02, 2.13545944e+02, 4.69520477e+02,
       1.69350540e+02, 4.83134064e+02, 1.20094322e+02, 4.35319031e+02,
       4.02528687e+02, 4.46714478e+02, 3.76146393e+02, 4.56984894e+02,
       3.52432404e+02, 4.68076294e+02, 3.25776184e+02, 4.80230011e+02,
       2.96078125e+02, 4.93467560e+02, 2.62406525e+02, 5.07863831e+02,
       2.24147812e+02, 5.23488831e+02, 1.81126923e+02, 5.40095825e+02,
       1.33088364e+02, 2.77198242e+02, 7.22000732e+01, 3.13966797e+02,
       8.12469788e+01, 3.52993896e+02, 9.10315475e+01, 3.93239258e+02,
       1.01986557e+02, 4.34717651e+02, 1.13616074e+02, 4.77101898e+02,
       1.26355492e+02, 5.19730774e+02, 1.39578613e+02, 5.62361755e+02,
       1.53603806e+02, 6.03783081e+02, 1.68298279e+02, 2.60032440e+02,
       1.05360069e+02, 2.97559204e+02, 1.15205727e+02, 3.37173798e+02,
       1.26309021e+02, 3.78443329e+02, 1.38130966e+02, 4.21073700e+02,
       1.50895813e+02, 4.64538147e+02, 1.64448608e+02, 5.08507202e+02,
       1.78626068e+02, 5.52411926e+02, 1.93252350e+02, 5.95453796e+02,
       2.08166550e+02, 2.42459503e+02, 1.40619186e+02, 2.80194244e+02,
       1.51809570e+02, 3.20520203e+02, 1.63921432e+02, 3.62620758e+02,
       1.77013184e+02, 4.06076813e+02, 1.90710266e+02, 4.50688995e+02,
