%YAML:1.0
---
cameraMatrix1: !!opencv-matrix
   rows: 3
   cols: 3
   dt: d
   data: [ 5.3413319076743642e+02, 0., 3.2895835823686696e+02, 0.,
       5.2878297991782995e+02, 2.3719107003101863e+02, 0., 0., 1. ]
distCoeffs1: !!opencv-matrix
   rows: 1
   cols: 14
   dt: d
   data: [ -2.8017990164383888e-01, 4.8240350330695785e-02, 0., 0., 0.,
       0., 0., 0., 0., 0., 0., 0., 0., 0. ]
cameraMatrix2: !!opencv-matrix
   rows: 3
   cols: 3
   dt: d
   data: [ 5.3413319076743642e+02, 0., 3.1426836400726103e+02, 0.,
       5.2878297991782995e+02, 2.4218211343642614e+02, 0., 0., 1. ]
distCoeffs2: !!opencv-matrix
   rows: 1
   cols: 14
   dt: d
   data: [ -2.8093311623553213e-01, 9.6253805714938453e-02, 0., 0., 0.,
       0., 0., 0., 0., 0., 0., 0., 0., 0. ]
R: !!opencv-matrix
   rows: 3
   cols: 3
   dt: d
   data: [ 9.9997115844850670e-01, 4.7525142569441485e-03,
       5.9241775284866868e-03, -4.8198435293116760e-03,
       9.9992336535076098e-01, 1.1403180870327425e-02,
       -5.8695297515590104e-03, -1.1431405593626339e-02,
       9.9991743238461928e-01 ]
T: !!opencv-matrix
   rows: 3
   cols: 1
   dt: d
   data: [ -8.3554896947854118e+01, 1.1700277987233008e+00,
       -1.4616411689599439e-02 ]
E: !!opencv-matrix
   rows: 3
   cols: 3
   dt: d
   data: [ -6.9379617920613821e-03, 1.2402292429926215e-03,
       1.1700978659042027e+00, -5.0504394365348593e-01,
       -9.5521938104951210e-01, 8.3547911429042074e+01,
       -7.6727252390987677e-01, -8.3554054321428765e+01,
       -9.5972305489085075e-01 ]
F: !!opencv-matrix
   rows: 3
   cols: 3
   dt: d
   data: [ 1.0562381564699999e-08, -1.9072341455649801e-09,
       -9.5450666858999699e-04, 7.7666049223486567e-07,
       1.4838065005918071e-06, -6.9233201305479053e-02,
       4.3250766184294275e-04, 6.8272060418506461e-02, 1. ]
imageSize: [ 640, 480 ]
R1: !!opencv-matrix
   rows: 3
   cols: 3
   dt: d
   data: [ 9.9993957643416198e-01, -9.2506079267144561e-03,
       5.9388326845284155e-03, 9.2165353976312921e-03,
       9.9994105677686607e-01, 5.7392026648994650e-03,
       -5.9915737442532979e-03, -5.6841204201518091e-03,
       9.9996589532799396e-01 ]
P1: !!opencv-matrix
   rows: 3
   cols: 4
   dt: d
   data: [ 5.2878297991782995e+02, 0., 3.2176644515991211e+02, 0., 0.,
       5.2878297991782995e+02, 2.3912641143798828e+02, 0., 0., 0., 1.,
       0. ]
R2: !!opencv-matrix
   rows: 3
   cols: 3
   dt: d
   data: [ 9.9990195567845630e-01, -1.4001729723533958e-02,
       1.7491468683817832e-04, 1.4002503762340406e-02,
       9.9988544955226089e-01, -5.7460997258242941e-03,
       -9.4439314957041331e-05, 5.7479855969357046e-03,
       9.9998347573487101e-01 ]
P2: !!opencv-matrix
   rows: 3
   cols: 4
   dt: d
   data: [ 5.2878297991782995e+02, 0., 3.2176644515991211e+02,
       -4.4186739653724078e+04, 0., 5.2878297991782995e+02,
       2.3912641143798828e+02, 0., 0., 0., 1., 0. ]
Q: !!opencv-matrix
   rows: 4
   cols: 4
   dt: d
   data: [ 1., 0., 0., -3.2176644515991211e+02, 0., 1., 0.,
       -2.3912641143798828e+02, 0., 0., 0., 5.2878297991782995e+02, 0.,
       0., 1.1967006030807342e-02, 0. ]
roi1: [ 0, 0, 640, 480 ]
roi2: [ 0, 0, 640, 480 ]
