%YAML:1.0
---
cameraMatrix1: !!opencv-matrix
   rows: 3
   cols: 3
   dt: d
   data: [ 5.3392448824806104e+02, 0., 3.2882415473827643e+02, 0.,
       5.2857636789292826e+02, 2.3724236749219972e+02, 0., 0., 1. ]
distCoeffs1: !!opencv-matrix
   rows: 1
   cols: 14
   dt: d
   data: [ -2.5847772025601656e-01, -1.2969221553053673e-01, 0., 0., 0.,
       0., 0., -4.0469016170648758e-01, 0., 0., 0., 0., 0., 0. ]
cameraMatrix2: !!opencv-matrix
   rows: 3
   cols: 3
   dt: d
   data: [ 5.3392448824806104e+02, 0., 3.1406466878477210e+02, 0.,
       5.2857636789292826e+02, 2.4222537575249768e+02, 0., 0., 1. ]
distCoeffs2: !!opencv-matrix
   rows: 1
   cols: 14
   dt: d
   data: [ -2.6275800471235367e-01, -1.3243222433644092e-02, 0., 0., 0.,
       0., 0., -1.9692458397459081e-01, 0., 0., 0., 0., 0., 0. ]
R: !!opencv-matrix
   rows: 3
   cols: 3
   dt: d
   data: [ 9.9997023317267808e-01, 4.7391709243568324e-03,
       6.0887623971932940e-03, -4.8084895391740700e-03,
       9.9992321737369572e-01, 1.1420936274595481e-02,
       -6.0341691169039811e-03, -1.1449874059850974e-02,
       9.9991624108576316e-01 ]
T: !!opencv-matrix
   rows: 3
   cols: 1
   dt: d
   data: [ -8.3564079421482262e+01, 1.1676828472319956e+00,
       5.5321683302545235e-02 ]
E: !!opencv-matrix
   rows: 3
   cols: 3
   dt: d
   data: [ -6.7799820396560271e-03, -6.8687257101064242e-02,
       1.1669532179649367e+00, -4.4891975077606855e-01,
       -9.5653600639036251e-01, 8.3557417025505757e+01,
       -7.6583108726940652e-01, -8.3563197000598052e+01,
       -9.6148976933005836e-01 ]
F: !!opencv-matrix
   rows: 3
   cols: 3
   dt: d
   data: [ 1.0316191735717509e-08, 1.0556966260075586e-07,
       -9.7647232243871140e-04, 6.8997232710156756e-07,
       1.4850339415151741e-06, -6.9148190985680383e-02,
       4.5179354552256937e-04, 6.8180873015560903e-02, 1. ]
imageSize: [ 640, 480 ]
R1: !!opencv-matrix
   rows: 3
   cols: 3
   dt: d
   data: [ 9.9994358118035753e-01, -9.2247756354333823e-03,
       5.2666849798973930e-03, 9.1944735884092587e-03,
       9.9994120334709313e-01, 5.7490437638834943e-03,
       -5.3194089552887590e-03, -5.7002950136741315e-03,
       9.9996960480062747e-01 ]
P1: !!opencv-matrix
   rows: 3
   cols: 4
   dt: d
   data: [ 5.2857636789292826e+02, 0., 3.1922493362426758e+02, 0., 0.,
       5.2857636789292826e+02, 2.3982355880737305e+02, 0., 0., 0., 1.,
       0. ]
R2: !!opencv-matrix
   rows: 3
   cols: 3
   dt: d
   data: [ 9.9990216583743330e-01, -1.3972135109267312e-02,
       -6.6196230886456705e-04, 1.3968096736558015e-02,
       9.9988587316774957e-01, -5.7561196239288293e-03,
       7.4231204229383875e-04, 5.7463101252196065e-03,
       9.9998321430550829e-01 ]
P2: !!opencv-matrix
   rows: 3
   cols: 4
   dt: d
   data: [ 5.2857636789292826e+02, 0., 3.1922493362426758e+02,
       -4.4174319344463307e+04, 0., 5.2857636789292826e+02,
       2.3982355880737305e+02, 0., 0., 0., 1., 0. ]
Q: !!opencv-matrix
   rows: 4
   cols: 4
   dt: d
   data: [ 1., 0., 0., -3.1922493362426758e+02, 0., 1., 0.,
       -2.3982355880737305e+02, 0., 0., 0., 5.2857636789292826e+02, 0.,
       0., 1.1965693546315584e-02, 0. ]
roi1: [ 0, 0, 640, 480 ]
roi2: [ 0, 0, 640, 480 ]
